XPOLY 256753, 243247, 257975, 258065, 256859, 243355
XPOLY 256859, 243355, 258065, 258154, 256964, 243465
XPOLY 256964, 243465, 258154, 258242, 257067, 243576
XPOLY 257067, 243576, 258242, 258329, 257168, 243689
XPOLY 257168, 243689, 258329, 258415, 257267, 243804
XPOLY 257267, 243804, 258415, 258499, 257364, 243920
XPOLY 257364, 243920, 258499, 258582, 257460, 244037
XPOLY 257460, 244037, 258582, 258663, 257553, 244156
XPOLY 257553, 244156, 258663, 258743, 257645, 244277
XPOLY 257645, 244277, 258743, 258822, 257735, 244399
XPOLY 257735, 244399, 258822, 258899, 257823, 244522
XPOLY 257823, 244522, 258899, 258975, 257909, 244647
XPOLY 257909, 244647, 258975, 259049, 257993, 244773
XPOLY 257993, 244773, 259049, 259121, 258075, 244901
XPOLY 258075, 244901, 259121, 259192, 258155, 245030
XPOLY 258155, 245030, 259192, 259261, 258232, 245160
XPOLY 258232, 245160, 259261, 259329, 258308, 245291
XPOLY 258308, 245291, 259329, 259394, 258382, 245423
XPOLY 258382, 245423, 259394, 259458, 258453, 245557
XPOLY 258453, 245557, 259458, 259520, 258523, 245691
XPOLY 258523, 245691, 259520, 259581, 258590, 245827
XPOLY 258590, 245827, 259581, 259639, 258655, 245964
XPOLY 258655, 245964, 259639, 259696, 258718, 246102
XPOLY 258718, 246102, 259696, 259750, 258779, 246241
XPOLY 258779, 246241, 259750, 259803, 258837, 246380
XPOLY 258837, 246380, 259803, 259854, 258894, 246521
XPOLY 258894, 246521, 259854, 259903, 258948, 246663
XPOLY 258948, 246663, 259903, 259950, 259000, 246805
XPOLY 259000, 246805, 259950, 259994, 259049, 246948
XPOLY 259049, 246948, 259994, 260037, 259097, 247092
XPOLY 259097, 247092, 260037, 260078, 259142, 247237
XPOLY 259142, 247237, 260078, 260117, 259184, 247382
XPOLY 259184, 247382, 260117, 260153, 259225, 247528
XPOLY 259225, 247528, 260153, 260188, 259263, 247675
XPOLY 259263, 247675, 260188, 260221, 259298, 247822
XPOLY 259298, 247822, 260221, 260251, 259332, 247970
XPOLY 259332, 247970, 260251, 260279, 259363, 248118
XPOLY 259363, 248118, 260279, 260305, 259391, 248267
XPOLY 259391, 248267, 260305, 260329, 259418, 248416
XPOLY 259418, 248416, 260329, 260351, 259442, 248566
XPOLY 259442, 248566, 260351, 260371, 259463, 248716
XPOLY 259463, 248716, 260371, 260388, 259482, 248866
XPOLY 259482, 248866, 260388, 260404, 259499, 249017
XPOLY 259499, 249017, 260404, 260417, 259514, 249168
XPOLY 259514, 249168, 260417, 260428, 259526, 249319
XPOLY 259526, 249319, 260428, 260437, 259535, 249470
XPOLY 259535, 249470, 260437, 260443, 259542, 249621
XPOLY 259542, 249621, 260443, 260448, 259547, 249773
XPOLY 259547, 249773, 260448, 260450, 259550, 249924
XPOLY 259550, 249924, 260450, 260450, 259550, 250076
XPOLY 259550, 250076, 260450, 260448, 259547, 250227
XPOLY 259547, 250227, 260448, 260443, 259542, 250379
XPOLY 259542, 250379, 260443, 260437, 259535, 250530
XPOLY 259535, 250530, 260437, 260428, 259526, 250681
XPOLY 259526, 250681, 260428, 260417, 259514, 250832
XPOLY 259514, 250832, 260417, 260404, 259499, 250983
XPOLY 259499, 250983, 260404, 260388, 259482, 251134
XPOLY 259482, 251134, 260388, 260371, 259463, 251284
XPOLY 259463, 251284, 260371, 260351, 259442, 251434
XPOLY 259442, 251434, 260351, 260329, 259418, 251584
XPOLY 259418, 251584, 260329, 260305, 259391, 251733
XPOLY 259391, 251733, 260305, 260279, 259363, 251882
XPOLY 259363, 251882, 260279, 260251, 259332, 252030
XPOLY 259332, 252030, 260251, 260221, 259298, 252178
XPOLY 259298, 252178, 260221, 260188, 259263, 252325
XPOLY 259263, 252325, 260188, 260153, 259225, 252472
XPOLY 259225, 252472, 260153, 260117, 259184, 252618
XPOLY 259184, 252618, 260117, 260078, 259142, 252763
XPOLY 259142, 252763, 260078, 260037, 259097, 252908
XPOLY 259097, 252908, 260037, 259994, 259049, 253052
XPOLY 259049, 253052, 259994, 259950, 259000, 253195
XPOLY 259000, 253195, 259950, 259903, 258948, 253337
XPOLY 258948, 253337, 259903, 259854, 258894, 253479
XPOLY 258894, 253479, 259854, 259803, 258837, 253620
XPOLY 258837, 253620, 259803, 259750, 258779, 253759
XPOLY 258779, 253759, 259750, 259696, 258718, 253898
XPOLY 258718, 253898, 259696, 259639, 258655, 254036
XPOLY 258655, 254036, 259639, 259581, 258590, 254173
XPOLY 258590, 254173, 259581, 259520, 258523, 254309
XPOLY 258523, 254309, 259520, 259458, 258453, 254443
XPOLY 258453, 254443, 259458, 259394, 258382, 254577
XPOLY 258382, 254577, 259394, 259329, 258308, 254709
XPOLY 258308, 254709, 259329, 259261, 258232, 254840
XPOLY 258232, 254840, 259261, 259192, 258155, 254970
XPOLY 258155, 254970, 259192, 259121, 258075, 255099
XPOLY 258075, 255099, 259121, 259049, 257993, 255227
XPOLY 257993, 255227, 259049, 258975, 257909, 255353
XPOLY 257909, 255353, 258975, 258899, 257823, 255478
XPOLY 257823, 255478, 258899, 258822, 257735, 255601
XPOLY 257735, 255601, 258822, 258743, 257645, 255723
XPOLY 257645, 255723, 258743, 258663, 257553, 255844
XPOLY 257553, 255844, 258663, 258582, 257460, 255963
XPOLY 257460, 255963, 258582, 258499, 257364, 256080
XPOLY 257364, 256080, 258499, 258415, 257267, 256196
XPOLY 257267, 256196, 258415, 258329, 257168, 256311
XPOLY 257168, 256311, 258329, 258242, 257067, 256424
XPOLY 257067, 256424, 258242, 258154, 256964, 256535
XPOLY 256964, 256535, 258154, 258065, 256859, 256645
XPOLY 256859, 256645, 258065, 257975, 256753, 256753
XPOLY 256753, 256753, 257975, 257882, 256861, 256861
XPOLY 256861, 256861, 257882, 257787, 256969, 256969
XPOLY 256969, 256969, 257787, 257689, 257077, 257077
XPOLY 257077, 257077, 257689, 257588, 257185, 257185
XPOLY 257185, 257185, 257588, 257484, 257293, 257293
XPOLY 257293, 257293, 257484, 257389, 257389, 257389
XPOLY 257293, 242707, 257484, 257588, 257185, 242815
XPOLY 257185, 242815, 257588, 257689, 257077, 242923
XPOLY 257077, 242923, 257689, 257787, 256969, 243031
XPOLY 256969, 243031, 257787, 257882, 256861, 243139
XPOLY 256861, 243139, 257882, 257975, 256753, 243247
XPOLY 257389, 242611, 257389, 257484, 257293, 242707
YPOLY 243247, 256753, 257975, 258065, 243355, 256859
YPOLY 243355, 256859, 258065, 258154, 243465, 256964
YPOLY 243465, 256964, 258154, 258242, 243576, 257067
YPOLY 243576, 257067, 258242, 258329, 243689, 257168
YPOLY 243689, 257168, 258329, 258415, 243804, 257267
YPOLY 243804, 257267, 258415, 258499, 243920, 257364
YPOLY 243920, 257364, 258499, 258582, 244037, 257460
YPOLY 244037, 257460, 258582, 258663, 244156, 257553
YPOLY 244156, 257553, 258663, 258743, 244277, 257645
YPOLY 244277, 257645, 258743, 258822, 244399, 257735
YPOLY 244399, 257735, 258822, 258899, 244522, 257823
YPOLY 244522, 257823, 258899, 258975, 244647, 257909
YPOLY 244647, 257909, 258975, 259049, 244773, 257993
YPOLY 244773, 257993, 259049, 259121, 244901, 258075
YPOLY 244901, 258075, 259121, 259192, 245030, 258155
YPOLY 245030, 258155, 259192, 259261, 245160, 258232
YPOLY 245160, 258232, 259261, 259329, 245291, 258308
YPOLY 245291, 258308, 259329, 259394, 245423, 258382
YPOLY 245423, 258382, 259394, 259458, 245557, 258453
YPOLY 245557, 258453, 259458, 259520, 245691, 258523
YPOLY 245691, 258523, 259520, 259581, 245827, 258590
YPOLY 245827, 258590, 259581, 259639, 245964, 258655
YPOLY 245964, 258655, 259639, 259696, 246102, 258718
YPOLY 246102, 258718, 259696, 259750, 246241, 258779
YPOLY 246241, 258779, 259750, 259803, 246380, 258837
YPOLY 246380, 258837, 259803, 259854, 246521, 258894
YPOLY 246521, 258894, 259854, 259903, 246663, 258948
YPOLY 246663, 258948, 259903, 259950, 246805, 259000
YPOLY 246805, 259000, 259950, 259994, 246948, 259049
YPOLY 246948, 259049, 259994, 260037, 247092, 259097
YPOLY 247092, 259097, 260037, 260078, 247237, 259142
YPOLY 247237, 259142, 260078, 260117, 247382, 259184
YPOLY 247382, 259184, 260117, 260153, 247528, 259225
YPOLY 247528, 259225, 260153, 260188, 247675, 259263
YPOLY 247675, 259263, 260188, 260221, 247822, 259298
YPOLY 247822, 259298, 260221, 260251, 247970, 259332
YPOLY 247970, 259332, 260251, 260279, 248118, 259363
YPOLY 248118, 259363, 260279, 260305, 248267, 259391
YPOLY 248267, 259391, 260305, 260329, 248416, 259418
YPOLY 248416, 259418, 260329, 260351, 248566, 259442
YPOLY 248566, 259442, 260351, 260371, 248716, 259463
YPOLY 248716, 259463, 260371, 260388, 248866, 259482
YPOLY 248866, 259482, 260388, 260404, 249017, 259499
YPOLY 249017, 259499, 260404, 260417, 249168, 259514
YPOLY 249168, 259514, 260417, 260428, 249319, 259526
YPOLY 249319, 259526, 260428, 260437, 249470, 259535
YPOLY 249470, 259535, 260437, 260443, 249621, 259542
YPOLY 249621, 259542, 260443, 260448, 249773, 259547
YPOLY 249773, 259547, 260448, 260450, 249924, 259550
YPOLY 249924, 259550, 260450, 260450, 250076, 259550
YPOLY 250076, 259550, 260450, 260448, 250227, 259547
YPOLY 250227, 259547, 260448, 260443, 250379, 259542
YPOLY 250379, 259542, 260443, 260437, 250530, 259535
YPOLY 250530, 259535, 260437, 260428, 250681, 259526
YPOLY 250681, 259526, 260428, 260417, 250832, 259514
YPOLY 250832, 259514, 260417, 260404, 250983, 259499
YPOLY 250983, 259499, 260404, 260388, 251134, 259482
YPOLY 251134, 259482, 260388, 260371, 251284, 259463
YPOLY 251284, 259463, 260371, 260351, 251434, 259442
YPOLY 251434, 259442, 260351, 260329, 251584, 259418
YPOLY 251584, 259418, 260329, 260305, 251733, 259391
YPOLY 251733, 259391, 260305, 260279, 251882, 259363
YPOLY 251882, 259363, 260279, 260251, 252030, 259332
YPOLY 252030, 259332, 260251, 260221, 252178, 259298
YPOLY 252178, 259298, 260221, 260188, 252325, 259263
YPOLY 252325, 259263, 260188, 260153, 252472, 259225
YPOLY 252472, 259225, 260153, 260117, 252618, 259184
YPOLY 252618, 259184, 260117, 260078, 252763, 259142
YPOLY 252763, 259142, 260078, 260037, 252908, 259097
YPOLY 252908, 259097, 260037, 259994, 253052, 259049
YPOLY 253052, 259049, 259994, 259950, 253195, 259000
YPOLY 253195, 259000, 259950, 259903, 253337, 258948
YPOLY 253337, 258948, 259903, 259854, 253479, 258894
YPOLY 253479, 258894, 259854, 259803, 253620, 258837
YPOLY 253620, 258837, 259803, 259750, 253759, 258779
YPOLY 253759, 258779, 259750, 259696, 253898, 258718
YPOLY 253898, 258718, 259696, 259639, 254036, 258655
YPOLY 254036, 258655, 259639, 259581, 254173, 258590
YPOLY 254173, 258590, 259581, 259520, 254309, 258523
YPOLY 254309, 258523, 259520, 259458, 254443, 258453
YPOLY 254443, 258453, 259458, 259394, 254577, 258382
YPOLY 254577, 258382, 259394, 259329, 254709, 258308
YPOLY 254709, 258308, 259329, 259261, 254840, 258232
YPOLY 254840, 258232, 259261, 259192, 254970, 258155
YPOLY 254970, 258155, 259192, 259121, 255099, 258075
YPOLY 255099, 258075, 259121, 259049, 255227, 257993
YPOLY 255227, 257993, 259049, 258975, 255353, 257909
YPOLY 255353, 257909, 258975, 258899, 255478, 257823
YPOLY 255478, 257823, 258899, 258822, 255601, 257735
YPOLY 255601, 257735, 258822, 258743, 255723, 257645
YPOLY 255723, 257645, 258743, 258663, 255844, 257553
YPOLY 255844, 257553, 258663, 258582, 255963, 257460
YPOLY 255963, 257460, 258582, 258499, 256080, 257364
YPOLY 256080, 257364, 258499, 258415, 256196, 257267
YPOLY 256196, 257267, 258415, 258329, 256311, 257168
YPOLY 256311, 257168, 258329, 258242, 256424, 257067
YPOLY 256424, 257067, 258242, 258154, 256535, 256964
YPOLY 256535, 256964, 258154, 258065, 256645, 256859
YPOLY 256645, 256859, 258065, 257975, 256753, 256753
YPOLY 242707, 257293, 257484, 257588, 242815, 257185
YPOLY 242815, 257185, 257588, 257689, 242923, 257077
YPOLY 242923, 257077, 257689, 257787, 243031, 256969
YPOLY 243031, 256969, 257787, 257882, 243139, 256861
YPOLY 243139, 256861, 257882, 257975, 243247, 256753
YPOLY 242611, 257389, 257389, 257484, 242707, 257293
YPOLY 256753, 256753, 257975, 257882, 256861, 256861
YPOLY 256861, 256861, 257882, 257787, 256969, 256969
YPOLY 256969, 256969, 257787, 257689, 257077, 257077
YPOLY 257077, 257077, 257689, 257588, 257185, 257185
YPOLY 257185, 257185, 257588, 257484, 257293, 257293
YPOLY 257293, 257293, 257484, 257389, 257389, 257389
XPOLY 242025, 243247, 243247, 243141, 241935, 243355
XPOLY 241935, 243355, 243141, 243036, 241846, 243465
XPOLY 241846, 243465, 243036, 242933, 241758, 243576
XPOLY 241758, 243576, 242933, 242832, 241671, 243689
XPOLY 241671, 243689, 242832, 242733, 241585, 243804
XPOLY 241585, 243804, 242733, 242636, 241501, 243920
XPOLY 241501, 243920, 242636, 242540, 241418, 244037
XPOLY 241418, 244037, 242540, 242447, 241337, 244156
XPOLY 241337, 244156, 242447, 242355, 241257, 244277
XPOLY 241257, 244277, 242355, 242265, 241178, 244399
XPOLY 241178, 244399, 242265, 242177, 241101, 244522
XPOLY 241101, 244522, 242177, 242091, 241025, 244647
XPOLY 241025, 244647, 242091, 242007, 240951, 244773
XPOLY 240951, 244773, 242007, 241925, 240879, 244901
XPOLY 240879, 244901, 241925, 241845, 240808, 245030
XPOLY 240808, 245030, 241845, 241768, 240739, 245160
XPOLY 240739, 245160, 241768, 241692, 240671, 245291
XPOLY 240671, 245291, 241692, 241618, 240606, 245423
XPOLY 240606, 245423, 241618, 241547, 240542, 245557
XPOLY 240542, 245557, 241547, 241477, 240480, 245691
XPOLY 240480, 245691, 241477, 241410, 240419, 245827
XPOLY 240419, 245827, 241410, 241345, 240361, 245964
XPOLY 240361, 245964, 241345, 241282, 240304, 246102
XPOLY 240304, 246102, 241282, 241221, 240250, 246241
XPOLY 240250, 246241, 241221, 241163, 240197, 246380
XPOLY 240197, 246380, 241163, 241106, 240146, 246521
XPOLY 240146, 246521, 241106, 241052, 240097, 246663
XPOLY 240097, 246663, 241052, 241000, 240050, 246805
XPOLY 240050, 246805, 241000, 240951, 240006, 246948
XPOLY 240006, 246948, 240951, 240903, 239963, 247092
XPOLY 239963, 247092, 240903, 240858, 239922, 247237
XPOLY 239922, 247237, 240858, 240816, 239883, 247382
XPOLY 239883, 247382, 240816, 240775, 239847, 247528
XPOLY 239847, 247528, 240775, 240737, 239812, 247675
XPOLY 239812, 247675, 240737, 240702, 239779, 247822
XPOLY 239779, 247822, 240702, 240668, 239749, 247970
XPOLY 239749, 247970, 240668, 240637, 239721, 248118
XPOLY 239721, 248118, 240637, 240609, 239695, 248267
XPOLY 239695, 248267, 240609, 240582, 239671, 248416
XPOLY 239671, 248416, 240582, 240558, 239649, 248566
XPOLY 239649, 248566, 240558, 240537, 239629, 248716
XPOLY 239629, 248716, 240537, 240518, 239612, 248866
XPOLY 239612, 248866, 240518, 240501, 239596, 249017
XPOLY 239596, 249017, 240501, 240486, 239583, 249168
XPOLY 239583, 249168, 240486, 240474, 239572, 249319
XPOLY 239572, 249319, 240474, 240465, 239563, 249470
XPOLY 239563, 249470, 240465, 240458, 239557, 249621
XPOLY 239557, 249621, 240458, 240453, 239552, 249773
XPOLY 239552, 249773, 240453, 240450, 239550, 249924
XPOLY 239550, 249924, 240450, 240450, 239550, 250076
XPOLY 239550, 250076, 240450, 240453, 239552, 250227
XPOLY 239552, 250227, 240453, 240458, 239557, 250379
XPOLY 239557, 250379, 240458, 240465, 239563, 250530
XPOLY 239563, 250530, 240465, 240474, 239572, 250681
XPOLY 239572, 250681, 240474, 240486, 239583, 250832
XPOLY 239583, 250832, 240486, 240501, 239596, 250983
XPOLY 239596, 250983, 240501, 240518, 239612, 251134
XPOLY 239612, 251134, 240518, 240537, 239629, 251284
XPOLY 239629, 251284, 240537, 240558, 239649, 251434
XPOLY 239649, 251434, 240558, 240582, 239671, 251584
XPOLY 239671, 251584, 240582, 240609, 239695, 251733
XPOLY 239695, 251733, 240609, 240637, 239721, 251882
XPOLY 239721, 251882, 240637, 240668, 239749, 252030
XPOLY 239749, 252030, 240668, 240702, 239779, 252178
XPOLY 239779, 252178, 240702, 240737, 239812, 252325
XPOLY 239812, 252325, 240737, 240775, 239847, 252472
XPOLY 239847, 252472, 240775, 240816, 239883, 252618
XPOLY 239883, 252618, 240816, 240858, 239922, 252763
XPOLY 239922, 252763, 240858, 240903, 239963, 252908
XPOLY 239963, 252908, 240903, 240951, 240006, 253052
XPOLY 240006, 253052, 240951, 241000, 240050, 253195
XPOLY 240050, 253195, 241000, 241052, 240097, 253337
XPOLY 240097, 253337, 241052, 241106, 240146, 253479
XPOLY 240146, 253479, 241106, 241163, 240197, 253620
XPOLY 240197, 253620, 241163, 241221, 240250, 253759
XPOLY 240250, 253759, 241221, 241282, 240304, 253898
XPOLY 240304, 253898, 241282, 241345, 240361, 254036
XPOLY 240361, 254036, 241345, 241410, 240419, 254173
XPOLY 240419, 254173, 241410, 241477, 240480, 254309
XPOLY 240480, 254309, 241477, 241547, 240542, 254443
XPOLY 240542, 254443, 241547, 241618, 240606, 254577
XPOLY 240606, 254577, 241618, 241692, 240671, 254709
XPOLY 240671, 254709, 241692, 241768, 240739, 254840
XPOLY 240739, 254840, 241768, 241845, 240808, 254970
XPOLY 240808, 254970, 241845, 241925, 240879, 255099
XPOLY 240879, 255099, 241925, 242007, 240951, 255227
XPOLY 240951, 255227, 242007, 242091, 241025, 255353
XPOLY 241025, 255353, 242091, 242177, 241101, 255478
XPOLY 241101, 255478, 242177, 242265, 241178, 255601
XPOLY 241178, 255601, 242265, 242355, 241257, 255723
XPOLY 241257, 255723, 242355, 242447, 241337, 255844
XPOLY 241337, 255844, 242447, 242540, 241418, 255963
XPOLY 241418, 255963, 242540, 242636, 241501, 256080
XPOLY 241501, 256080, 242636, 242733, 241585, 256196
XPOLY 241585, 256196, 242733, 242832, 241671, 256311
XPOLY 241671, 256311, 242832, 242933, 241758, 256424
XPOLY 241758, 256424, 242933, 243036, 241846, 256535
XPOLY 241846, 256535, 243036, 243141, 241935, 256645
XPOLY 241935, 256645, 243141, 243247, 242025, 256753
XPOLY 242025, 256753, 243247, 243139, 242118, 256861
XPOLY 242118, 256861, 243139, 243031, 242213, 256969
XPOLY 242213, 256969, 243031, 242923, 242311, 257077
XPOLY 242311, 257077, 242923, 242815, 242412, 257185
XPOLY 242412, 257185, 242815, 242707, 242516, 257293
XPOLY 242516, 257293, 242707, 242611, 242611, 257389
XPOLY 242516, 242707, 242707, 242815, 242412, 242815
XPOLY 242412, 242815, 242815, 242923, 242311, 242923
XPOLY 242311, 242923, 242923, 243031, 242213, 243031
XPOLY 242213, 243031, 243031, 243139, 242118, 243139
XPOLY 242118, 243139, 243139, 243247, 242025, 243247
XPOLY 242611, 242611, 242611, 242707, 242516, 242707
YPOLY 243247, 242025, 243247, 243141, 243355, 241935
YPOLY 243355, 241935, 243141, 243036, 243465, 241846
YPOLY 243465, 241846, 243036, 242933, 243576, 241758
YPOLY 243576, 241758, 242933, 242832, 243689, 241671
YPOLY 243689, 241671, 242832, 242733, 243804, 241585
YPOLY 243804, 241585, 242733, 242636, 243920, 241501
YPOLY 243920, 241501, 242636, 242540, 244037, 241418
YPOLY 244037, 241418, 242540, 242447, 244156, 241337
YPOLY 244156, 241337, 242447, 242355, 244277, 241257
YPOLY 244277, 241257, 242355, 242265, 244399, 241178
YPOLY 244399, 241178, 242265, 242177, 244522, 241101
YPOLY 244522, 241101, 242177, 242091, 244647, 241025
YPOLY 244647, 241025, 242091, 242007, 244773, 240951
YPOLY 244773, 240951, 242007, 241925, 244901, 240879
YPOLY 244901, 240879, 241925, 241845, 245030, 240808
YPOLY 245030, 240808, 241845, 241768, 245160, 240739
YPOLY 245160, 240739, 241768, 241692, 245291, 240671
YPOLY 245291, 240671, 241692, 241618, 245423, 240606
YPOLY 245423, 240606, 241618, 241547, 245557, 240542
YPOLY 245557, 240542, 241547, 241477, 245691, 240480
YPOLY 245691, 240480, 241477, 241410, 245827, 240419
YPOLY 245827, 240419, 241410, 241345, 245964, 240361
YPOLY 245964, 240361, 241345, 241282, 246102, 240304
YPOLY 246102, 240304, 241282, 241221, 246241, 240250
YPOLY 246241, 240250, 241221, 241163, 246380, 240197
YPOLY 246380, 240197, 241163, 241106, 246521, 240146
YPOLY 246521, 240146, 241106, 241052, 246663, 240097
YPOLY 246663, 240097, 241052, 241000, 246805, 240050
YPOLY 246805, 240050, 241000, 240951, 246948, 240006
YPOLY 246948, 240006, 240951, 240903, 247092, 239963
YPOLY 247092, 239963, 240903, 240858, 247237, 239922
YPOLY 247237, 239922, 240858, 240816, 247382, 239883
YPOLY 247382, 239883, 240816, 240775, 247528, 239847
YPOLY 247528, 239847, 240775, 240737, 247675, 239812
YPOLY 247675, 239812, 240737, 240702, 247822, 239779
YPOLY 247822, 239779, 240702, 240668, 247970, 239749
YPOLY 247970, 239749, 240668, 240637, 248118, 239721
YPOLY 248118, 239721, 240637, 240609, 248267, 239695
YPOLY 248267, 239695, 240609, 240582, 248416, 239671
YPOLY 248416, 239671, 240582, 240558, 248566, 239649
YPOLY 248566, 239649, 240558, 240537, 248716, 239629
YPOLY 248716, 239629, 240537, 240518, 248866, 239612
YPOLY 248866, 239612, 240518, 240501, 249017, 239596
YPOLY 249017, 239596, 240501, 240486, 249168, 239583
YPOLY 249168, 239583, 240486, 240474, 249319, 239572
YPOLY 249319, 239572, 240474, 240465, 249470, 239563
YPOLY 249470, 239563, 240465, 240458, 249621, 239557
YPOLY 249621, 239557, 240458, 240453, 249773, 239552
YPOLY 249773, 239552, 240453, 240450, 249924, 239550
YPOLY 249924, 239550, 240450, 240450, 250076, 239550
YPOLY 250076, 239550, 240450, 240453, 250227, 239552
YPOLY 250227, 239552, 240453, 240458, 250379, 239557
YPOLY 250379, 239557, 240458, 240465, 250530, 239563
YPOLY 250530, 239563, 240465, 240474, 250681, 239572
YPOLY 250681, 239572, 240474, 240486, 250832, 239583
YPOLY 250832, 239583, 240486, 240501, 250983, 239596
YPOLY 250983, 239596, 240501, 240518, 251134, 239612
YPOLY 251134, 239612, 240518, 240537, 251284, 239629
YPOLY 251284, 239629, 240537, 240558, 251434, 239649
YPOLY 251434, 239649, 240558, 240582, 251584, 239671
YPOLY 251584, 239671, 240582, 240609, 251733, 239695
YPOLY 251733, 239695, 240609, 240637, 251882, 239721
YPOLY 251882, 239721, 240637, 240668, 252030, 239749
YPOLY 252030, 239749, 240668, 240702, 252178, 239779
YPOLY 252178, 239779, 240702, 240737, 252325, 239812
YPOLY 252325, 239812, 240737, 240775, 252472, 239847
YPOLY 252472, 239847, 240775, 240816, 252618, 239883
YPOLY 252618, 239883, 240816, 240858, 252763, 239922
YPOLY 252763, 239922, 240858, 240903, 252908, 239963
YPOLY 252908, 239963, 240903, 240951, 253052, 240006
YPOLY 253052, 240006, 240951, 241000, 253195, 240050
YPOLY 253195, 240050, 241000, 241052, 253337, 240097
YPOLY 253337, 240097, 241052, 241106, 253479, 240146
YPOLY 253479, 240146, 241106, 241163, 253620, 240197
YPOLY 253620, 240197, 241163, 241221, 253759, 240250
YPOLY 253759, 240250, 241221, 241282, 253898, 240304
YPOLY 253898, 240304, 241282, 241345, 254036, 240361
YPOLY 254036, 240361, 241345, 241410, 254173, 240419
YPOLY 254173, 240419, 241410, 241477, 254309, 240480
YPOLY 254309, 240480, 241477, 241547, 254443, 240542
YPOLY 254443, 240542, 241547, 241618, 254577, 240606
YPOLY 254577, 240606, 241618, 241692, 254709, 240671
YPOLY 254709, 240671, 241692, 241768, 254840, 240739
YPOLY 254840, 240739, 241768, 241845, 254970, 240808
YPOLY 254970, 240808, 241845, 241925, 255099, 240879
YPOLY 255099, 240879, 241925, 242007, 255227, 240951
YPOLY 255227, 240951, 242007, 242091, 255353, 241025
YPOLY 255353, 241025, 242091, 242177, 255478, 241101
YPOLY 255478, 241101, 242177, 242265, 255601, 241178
YPOLY 255601, 241178, 242265, 242355, 255723, 241257
YPOLY 255723, 241257, 242355, 242447, 255844, 241337
YPOLY 255844, 241337, 242447, 242540, 255963, 241418
YPOLY 255963, 241418, 242540, 242636, 256080, 241501
YPOLY 256080, 241501, 242636, 242733, 256196, 241585
YPOLY 256196, 241585, 242733, 242832, 256311, 241671
YPOLY 256311, 241671, 242832, 242933, 256424, 241758
YPOLY 256424, 241758, 242933, 243036, 256535, 241846
YPOLY 256535, 241846, 243036, 243141, 256645, 241935
YPOLY 256645, 241935, 243141, 243247, 256753, 242025
YPOLY 242707, 242516, 242707, 242815, 242815, 242412
YPOLY 242815, 242412, 242815, 242923, 242923, 242311
YPOLY 242923, 242311, 242923, 243031, 243031, 242213
YPOLY 243031, 242213, 243031, 243139, 243139, 242118
YPOLY 243139, 242118, 243139, 243247, 243247, 242025
YPOLY 242611, 242611, 242611, 242707, 242707, 242516
YPOLY 256753, 242025, 243247, 243139, 256861, 242118
YPOLY 256861, 242118, 243139, 243031, 256969, 242213
YPOLY 256969, 242213, 243031, 242923, 257077, 242311
YPOLY 257077, 242311, 242923, 242815, 257185, 242412
YPOLY 257185, 242412, 242815, 242707, 257293, 242516
YPOLY 257293, 242516, 242707, 242611, 257389, 242611
YPOLY 211200, 244860, 244903, 244905, 211394, 244855
YPOLY 211394, 244855, 244905, 244908, 211589, 244850
YPOLY 211589, 244850, 244908, 244910, 211783, 244845
YPOLY 211783, 244845, 244910, 244912, 211978, 244841
YPOLY 211978, 244841, 244912, 244914, 212172, 244836
YPOLY 212172, 244836, 244914, 244916, 212367, 244831
YPOLY 212367, 244831, 244916, 244918, 212561, 244826
YPOLY 212561, 244826, 244918, 244920, 212756, 244821
YPOLY 212756, 244821, 244920, 244922, 212950, 244816
YPOLY 212950, 244816, 244922, 244924, 213145, 244811
YPOLY 213145, 244811, 244924, 244926, 213339, 244806
YPOLY 213339, 244806, 244926, 244928, 213534, 244801
YPOLY 213534, 244801, 244928, 244930, 213728, 244796
YPOLY 213728, 244796, 244930, 244932, 213923, 244791
YPOLY 213923, 244791, 244932, 244934, 214117, 244786
YPOLY 214117, 244786, 244934, 244936, 214312, 244781
YPOLY 214312, 244781, 244936, 244938, 214506, 244775
YPOLY 214506, 244775, 244938, 244939, 214701, 244770
YPOLY 214701, 244770, 244939, 244941, 214895, 244765
YPOLY 214895, 244765, 244941, 244943, 215090, 244760
YPOLY 215090, 244760, 244943, 244945, 215284, 244754
YPOLY 215284, 244754, 244945, 244946, 215479, 244749
YPOLY 215479, 244749, 244946, 244948, 215673, 244744
YPOLY 215673, 244744, 244948, 244949, 215868, 244738
YPOLY 215868, 244738, 244949, 244951, 216062, 244733
YPOLY 216062, 244733, 244951, 244952, 216257, 244727
YPOLY 216257, 244727, 244952, 244954, 216451, 244722
YPOLY 216451, 244722, 244954, 244955, 216646, 244716
YPOLY 216646, 244716, 244955, 244957, 216840, 244711
YPOLY 216840, 244711, 244957, 244958, 217035, 244705
YPOLY 217035, 244705, 244958, 244959, 217229, 244699
YPOLY 217229, 244699, 244959, 244961, 217424, 244693
YPOLY 217424, 244693, 244961, 244962, 217618, 244688
YPOLY 217618, 244688, 244962, 244963, 217813, 244682
YPOLY 217813, 244682, 244963, 244964, 218007, 244676
YPOLY 218007, 244676, 244964, 244965, 218202, 244670
YPOLY 218202, 244670, 244965, 244966, 218396, 244664
YPOLY 218396, 244664, 244966, 244967, 218590, 244658
YPOLY 218590, 244658, 244967, 244968, 218785, 244652
YPOLY 218785, 244652, 244968, 244969, 218979, 244646
YPOLY 218979, 244646, 244969, 244970, 219174, 244640
YPOLY 219174, 244640, 244970, 244971, 219368, 244633
YPOLY 219368, 244633, 244971, 244971, 219563, 244627
YPOLY 219563, 244627, 244971, 244972, 219757, 244621
YPOLY 219757, 244621, 244972, 244972, 219952, 244614
YPOLY 219952, 244614, 244972, 244973, 220146, 244608
YPOLY 220146, 244608, 244973, 244973, 220341, 244601
YPOLY 220341, 244601, 244973, 244974, 220535, 244594
YPOLY 220535, 244594, 244974, 244974, 220730, 244588
YPOLY 220730, 244588, 244974, 244974, 220924, 244581
YPOLY 220924, 244581, 244974, 244974, 221119, 244574
YPOLY 221119, 244574, 244974, 244974, 221313, 244567
YPOLY 221313, 244567, 244974, 244974, 221508, 244560
YPOLY 221508, 244560, 244974, 244974, 221702, 244553
YPOLY 221702, 244553, 244974, 244974, 221897, 244546
YPOLY 221897, 244546, 244974, 244974, 222091, 244538
YPOLY 222091, 244538, 244974, 244973, 222286, 244531
YPOLY 222286, 244531, 244973, 244973, 222480, 244523
YPOLY 222480, 244523, 244973, 244972, 222675, 244516
YPOLY 222675, 244516, 244972, 244971, 222869, 244508
YPOLY 222869, 244508, 244971, 244971, 223064, 244500
YPOLY 223064, 244500, 244971, 244970, 223258, 244492
YPOLY 223258, 244492, 244970, 244969, 223453, 244484
YPOLY 223453, 244484, 244969, 244968, 223647, 244476
YPOLY 223647, 244476, 244968, 244966, 223842, 244468
YPOLY 223842, 244468, 244966, 244965, 224036, 244460
YPOLY 224036, 244460, 244965, 244963, 224231, 244451
YPOLY 224231, 244451, 244963, 244962, 224425, 244442
YPOLY 224425, 244442, 244962, 244960, 224620, 244434
YPOLY 224620, 244434, 244960, 244958, 224814, 244425
YPOLY 224814, 244425, 244958, 244956, 225009, 244415
YPOLY 225009, 244415, 244956, 244954, 225203, 244406
YPOLY 225203, 244406, 244954, 244951, 225397, 244397
YPOLY 225397, 244397, 244951, 244949, 225592, 244387
YPOLY 225592, 244387, 244949, 244946, 225786, 244377
YPOLY 225786, 244377, 244946, 244943, 225981, 244367
YPOLY 225981, 244367, 244943, 244940, 226175, 244357
YPOLY 226175, 244357, 244940, 244936, 226370, 244347
YPOLY 226370, 244347, 244936, 244933, 226564, 244336
YPOLY 226564, 244336, 244933, 244929, 226759, 244326
YPOLY 226759, 244326, 244929, 244925, 226953, 244315
YPOLY 226953, 244315, 244925, 244921, 227148, 244303
YPOLY 227148, 244303, 244921, 244916, 227342, 244292
YPOLY 227342, 244292, 244916, 244911, 227537, 244280
YPOLY 227537, 244280, 244911, 244906, 227731, 244268
YPOLY 227731, 244268, 244906, 244901, 227926, 244256
YPOLY 227926, 244256, 244901, 244896, 228120, 244243
YPOLY 228120, 244243, 244896, 244890, 228315, 244230
YPOLY 228315, 244230, 244890, 244883, 228509, 244217
YPOLY 228509, 244217, 244883, 244877, 228704, 244203
YPOLY 228704, 244203, 244877, 244870, 228898, 244189
YPOLY 228898, 244189, 244870, 244863, 229093, 244175
YPOLY 229093, 244175, 244863, 244855, 229287, 244160
YPOLY 229287, 244160, 244855, 244847, 229482, 244145
YPOLY 229482, 244145, 244847, 244838, 229676, 244130
YPOLY 229676, 244130, 244838, 244829, 229871, 244114
YPOLY 229871, 244114, 244829, 244820, 230065, 244097
YPOLY 230065, 244097, 244820, 244810, 230260, 244080
YPOLY 230260, 244080, 244810, 244800, 230454, 244063
YPOLY 230454, 244063, 244800, 244789, 230649, 244045
YPOLY 230649, 244045, 244789, 244777, 230843, 244026
YPOLY 230843, 244026, 244777, 244765, 231038, 244007
YPOLY 231038, 244007, 244765, 244753, 231232, 243987
YPOLY 231232, 243987, 244753, 244739, 231427, 243967
YPOLY 231427, 243967, 244739, 244725, 231621, 243946
YPOLY 231621, 243946, 244725, 244710, 231816, 243924
YPOLY 231816, 243924, 244710, 244695, 232010, 243901
YPOLY 232010, 243901, 244695, 244678, 232205, 243878
YPOLY 232205, 243878, 244678, 244661, 232399, 243854
YPOLY 232399, 243854, 244661, 244643, 232593, 243828
YPOLY 232593, 243828, 244643, 244624, 232788, 243802
YPOLY 232788, 243802, 244624, 244604, 232982, 243775
YPOLY 232982, 243775, 244604, 244583, 233177, 243747
YPOLY 233177, 243747, 244583, 244560, 233371, 243717
YPOLY 233371, 243717, 244560, 244537, 233566, 243686
YPOLY 233566, 243686, 244537, 244512, 233760, 243655
YPOLY 233760, 243655, 244512, 244486, 233955, 243621
YPOLY 233955, 243621, 244486, 244459, 234149, 243587
YPOLY 234149, 243587, 244459, 244430, 234344, 243551
YPOLY 234344, 243551, 244430, 244400, 234538, 243513
YPOLY 234538, 243513, 244400, 244368, 234733, 243474
YPOLY 234733, 243474, 244368, 244335, 234927, 243433
YPOLY 234927, 243433, 244335, 244297, 235122, 243393
YPOLY 235122, 243393, 244297, 244257, 235316, 243352
YPOLY 235316, 243352, 244257, 244214, 235511, 243309
YPOLY 235511, 243309, 244214, 244170, 235705, 243264
YPOLY 235705, 243264, 244170, 244123, 235900, 243216
YPOLY 235900, 243216, 244123, 244074, 236094, 243167
YPOLY 236094, 243167, 244074, 244023, 236289, 243115
YPOLY 236289, 243115, 244023, 243970, 236483, 243061
YPOLY 236483, 243061, 243970, 243914, 236678, 243005
YPOLY 236678, 243005, 243914, 243856, 236872, 242946
YPOLY 236872, 242946, 243856, 243795, 237067, 242884
YPOLY 237067, 242884, 243795, 243732, 237261, 242820
YPOLY 237261, 242820, 243732, 243666, 237456, 242753
YPOLY 237456, 242753, 243666, 243597, 237650, 242683
YPOLY 237650, 242683, 243597, 243526, 237845, 242611
YPOLY 237845, 242611, 243526, 243452, 238039, 242536
YPOLY 238039, 242536, 243452, 243375, 238234, 242459
YPOLY 238234, 242459, 243375, 243296, 238428, 242379
YPOLY 238428, 242379, 243296, 243214, 238623, 242296
YPOLY 238623, 242296, 243214, 243131, 238817, 242211
YPOLY 238817, 242211, 243131, 243044, 239012, 242124
YPOLY 239012, 242124, 243044, 242955, 239206, 242035
YPOLY 239206, 242035, 242955, 242864, 239401, 241943
YPOLY 239401, 241943, 242864, 242771, 239595, 241850
YPOLY 239595, 241850, 242771, 242677, 239789, 241756
YPOLY 239789, 241756, 242677, 242580, 239984, 241659
YPOLY 239984, 241659, 242580, 242482, 240178, 241562
YPOLY 240178, 241562, 242482, 242383, 240373, 241463
YPOLY 240373, 241463, 242383, 242283, 240567, 241364
YPOLY 240567, 241364, 242283, 242181, 240762, 241263
YPOLY 240762, 241263, 242181, 242079, 240956, 241163
YPOLY 240956, 241163, 242079, 241976, 241151, 241062
YPOLY 241151, 241062, 241976, 241873, 241345, 240961
YPOLY 241345, 240961, 241873, 241769, 241540, 240860
YPOLY 241540, 240860, 241769, 241666, 241734, 240760
YPOLY 241734, 240760, 241666, 241563, 241929, 240660
YPOLY 241929, 240660, 241563, 241460, 242123, 240562
YPOLY 242123, 240562, 241460, 241358, 242318, 240464
YPOLY 242318, 240464, 241358, 241256, 242512, 240367
YPOLY 242512, 240367, 241256, 241155, 242707, 240271
YPOLY 242707, 240271, 241155, 241055, 242901, 240178
YPOLY 242901, 240178, 241055, 240956, 243096, 240085
YPOLY 243096, 240085, 240956, 240859, 243290, 239995
YPOLY 243290, 239995, 240859, 240763, 243485, 239906
YPOLY 243485, 239906, 240763, 240668, 243679, 239819
YPOLY 243679, 239819, 240668, 240575, 243874, 239734
YPOLY 243874, 239734, 240575, 240484, 244068, 239652
YPOLY 244068, 239652, 240484, 240394, 244263, 239572
YPOLY 244263, 239572, 240394, 240306, 244457, 239494
YPOLY 244457, 239494, 240306, 240220, 244652, 239419
YPOLY 244652, 239419, 240220, 240137, 244846, 239346
YPOLY 244846, 239346, 240137, 240055, 245041, 239276
YPOLY 245041, 239276, 240055, 239976, 245235, 239209
YPOLY 245235, 239209, 239976, 239899, 245430, 239144
YPOLY 245430, 239144, 239899, 239825, 245624, 239082
YPOLY 245624, 239082, 239825, 239753, 245819, 239022
YPOLY 245819, 239022, 239753, 239684, 246013, 238966
YPOLY 246013, 238966, 239684, 239617, 246208, 238912
YPOLY 246208, 238912, 239617, 239553, 246402, 238861
YPOLY 246402, 238861, 239553, 239493, 246596, 238813
YPOLY 246596, 238813, 239493, 239434, 246791, 238767
YPOLY 246791, 238767, 239434, 239379, 246985, 238725
YPOLY 246985, 238725, 239379, 239327, 247180, 238685
YPOLY 247180, 238685, 239327, 239278, 247374, 238648
YPOLY 247374, 238648, 239278, 239232, 247569, 238613
YPOLY 247569, 238613, 239232, 239190, 247763, 238582
YPOLY 247763, 238582, 239190, 239150, 247958, 238553
YPOLY 247958, 238553, 239150, 239115, 248152, 238527
YPOLY 248152, 238527, 239115, 239082, 248347, 238503
YPOLY 248347, 238503, 239082, 239053, 248541, 238483
YPOLY 248541, 238483, 239053, 239027, 248736, 238464
YPOLY 248736, 238464, 239027, 239006, 248930, 238449
YPOLY 248930, 238449, 239006, 238987, 249125, 238436
YPOLY 249125, 238436, 238987, 238973, 249319, 238426
YPOLY 249319, 238426, 238973, 238962, 249514, 238418
YPOLY 249514, 238418, 238962, 238954, 249708, 238413
YPOLY 249708, 238413, 238954, 238950, 249903, 238410
YPOLY 249903, 238410, 238950, 238950, 250097, 238410
YPOLY 250097, 238410, 238950, 238954, 250292, 238413
YPOLY 250292, 238413, 238954, 238962, 250486, 238418
YPOLY 250486, 238418, 238962, 238973, 250681, 238426
YPOLY 250681, 238426, 238973, 238987, 250875, 238436
YPOLY 250875, 238436, 238987, 239006, 251070, 238449
YPOLY 251070, 238449, 239006, 239027, 251264, 238464
YPOLY 251264, 238464, 239027, 239053, 251459, 238483
YPOLY 251459, 238483, 239053, 239082, 251653, 238503
YPOLY 251653, 238503, 239082, 239115, 251848, 238527
YPOLY 251848, 238527, 239115, 239150, 252042, 238553
YPOLY 252042, 238553, 239150, 239190, 252237, 238582
YPOLY 252237, 238582, 239190, 239232, 252431, 238613
YPOLY 252431, 238613, 239232, 239278, 252626, 238648
YPOLY 252626, 238648, 239278, 239327, 252820, 238685
YPOLY 252820, 238685, 239327, 239379, 253015, 238725
YPOLY 253015, 238725, 239379, 239434, 253209, 238767
YPOLY 253209, 238767, 239434, 239493, 253404, 238813
YPOLY 253404, 238813, 239493, 239553, 253598, 238861
YPOLY 253598, 238861, 239553, 239617, 253792, 238912
YPOLY 253792, 238912, 239617, 239684, 253987, 238966
YPOLY 253987, 238966, 239684, 239753, 254181, 239022
YPOLY 254181, 239022, 239753, 239825, 254376, 239082
YPOLY 254376, 239082, 239825, 239899, 254570, 239144
YPOLY 254570, 239144, 239899, 239976, 254765, 239209
YPOLY 254765, 239209, 239976, 240055, 254959, 239276
YPOLY 254959, 239276, 240055, 240137, 255154, 239346
YPOLY 255154, 239346, 240137, 240220, 255348, 239419
YPOLY 255348, 239419, 240220, 240306, 255543, 239494
YPOLY 255543, 239494, 240306, 240394, 255737, 239572
YPOLY 255737, 239572, 240394, 240484, 255932, 239652
YPOLY 255932, 239652, 240484, 240575, 256126, 239734
YPOLY 256126, 239734, 240575, 240668, 256321, 239819
YPOLY 256321, 239819, 240668, 240763, 256515, 239906
YPOLY 256515, 239906, 240763, 240859, 256710, 239995
YPOLY 256710, 239995, 240859, 240956, 256904, 240085
YPOLY 256904, 240085, 240956, 241055, 257099, 240178
YPOLY 257099, 240178, 241055, 241155, 257293, 240271
YPOLY 257293, 240271, 241155, 241256, 257488, 240367
YPOLY 257488, 240367, 241256, 241358, 257682, 240464
YPOLY 257682, 240464, 241358, 241460, 257877, 240562
YPOLY 257877, 240562, 241460, 241563, 258071, 240660
YPOLY 258071, 240660, 241563, 241666, 258266, 240760
YPOLY 258266, 240760, 241666, 241769, 258460, 240860
YPOLY 258460, 240860, 241769, 241873, 258655, 240961
YPOLY 258655, 240961, 241873, 241976, 258849, 241062
YPOLY 258849, 241062, 241976, 242079, 259044, 241163
YPOLY 259044, 241163, 242079, 242181, 259238, 241263
YPOLY 259238, 241263, 242181, 242283, 259433, 241364
YPOLY 259433, 241364, 242283, 242383, 259627, 241463
YPOLY 259627, 241463, 242383, 242482, 259822, 241562
YPOLY 259822, 241562, 242482, 242580, 260016, 241659
YPOLY 260016, 241659, 242580, 242677, 260211, 241756
YPOLY 260211, 241756, 242677, 242771, 260405, 241850
YPOLY 260405, 241850, 242771, 242864, 260599, 241943
YPOLY 260599, 241943, 242864, 242955, 260794, 242035
YPOLY 260794, 242035, 242955, 243044, 260988, 242124
YPOLY 260988, 242124, 243044, 243131, 261183, 242211
YPOLY 261183, 242211, 243131, 243214, 261377, 242296
YPOLY 261377, 242296, 243214, 243296, 261572, 242379
YPOLY 261572, 242379, 243296, 243375, 261766, 242459
YPOLY 261766, 242459, 243375, 243452, 261961, 242536
YPOLY 261961, 242536, 243452, 243526, 262155, 242611
YPOLY 262155, 242611, 243526, 243597, 262350, 242683
YPOLY 262350, 242683, 243597, 243666, 262544, 242753
YPOLY 262544, 242753, 243666, 243732, 262739, 242820
YPOLY 262739, 242820, 243732, 243795, 262933, 242884
YPOLY 262933, 242884, 243795, 243856, 263128, 242946
YPOLY 263128, 242946, 243856, 243914, 263322, 243005
YPOLY 263322, 243005, 243914, 243970, 263517, 243061
YPOLY 263517, 243061, 243970, 244023, 263711, 243115
YPOLY 263711, 243115, 244023, 244074, 263906, 243167
YPOLY 263906, 243167, 244074, 244123, 264100, 243216
YPOLY 264100, 243216, 244123, 244170, 264295, 243264
YPOLY 264295, 243264, 244170, 244214, 264489, 243309
YPOLY 264489, 243309, 244214, 244257, 264684, 243352
YPOLY 264684, 243352, 244257, 244297, 264878, 243393
YPOLY 264878, 243393, 244297, 244335, 265073, 243433
YPOLY 265073, 243433, 244335, 244368, 265267, 243474
YPOLY 265267, 243474, 244368, 244400, 265462, 243513
YPOLY 265462, 243513, 244400, 244430, 265656, 243551
YPOLY 265656, 243551, 244430, 244459, 265851, 243587
YPOLY 265851, 243587, 244459, 244486, 266045, 243621
YPOLY 266045, 243621, 244486, 244512, 266240, 243655
YPOLY 266240, 243655, 244512, 244537, 266434, 243686
YPOLY 266434, 243686, 244537, 244560, 266629, 243717
YPOLY 266629, 243717, 244560, 244583, 266823, 243747
YPOLY 266823, 243747, 244583, 244604, 267018, 243775
YPOLY 267018, 243775, 244604, 244624, 267212, 243802
YPOLY 267212, 243802, 244624, 244643, 267407, 243828
YPOLY 267407, 243828, 244643, 244661, 267601, 243854
YPOLY 267601, 243854, 244661, 244678, 267795, 243878
YPOLY 267795, 243878, 244678, 244695, 267990, 243901
YPOLY 267990, 243901, 244695, 244710, 268184, 243924
YPOLY 268184, 243924, 244710, 244725, 268379, 243946
YPOLY 268379, 243946, 244725, 244739, 268573, 243967
YPOLY 268573, 243967, 244739, 244753, 268768, 243987
YPOLY 268768, 243987, 244753, 244765, 268962, 244007
YPOLY 268962, 244007, 244765, 244777, 269157, 244026
YPOLY 269157, 244026, 244777, 244789, 269351, 244045
YPOLY 269351, 244045, 244789, 244800, 269546, 244063
YPOLY 269546, 244063, 244800, 244810, 269740, 244080
YPOLY 269740, 244080, 244810, 244820, 269935, 244097
YPOLY 269935, 244097, 244820, 244829, 270129, 244114
YPOLY 270129, 244114, 244829, 244838, 270324, 244130
YPOLY 270324, 244130, 244838, 244847, 270518, 244145
YPOLY 270518, 244145, 244847, 244855, 270713, 244160
YPOLY 270713, 244160, 244855, 244863, 270907, 244175
YPOLY 270907, 244175, 244863, 244870, 271102, 244189
YPOLY 271102, 244189, 244870, 244877, 271296, 244203
YPOLY 271296, 244203, 244877, 244883, 271491, 244217
YPOLY 271491, 244217, 244883, 244890, 271685, 244230
YPOLY 271685, 244230, 244890, 244896, 271880, 244243
YPOLY 271880, 244243, 244896, 244901, 272074, 244256
YPOLY 272074, 244256, 244901, 244906, 272269, 244268
YPOLY 272269, 244268, 244906, 244911, 272463, 244280
YPOLY 272463, 244280, 244911, 244916, 272658, 244292
YPOLY 272658, 244292, 244916, 244921, 272852, 244303
YPOLY 272852, 244303, 244921, 244925, 273047, 244315
YPOLY 273047, 244315, 244925, 244929, 273241, 244326
YPOLY 273241, 244326, 244929, 244933, 273436, 244336
YPOLY 273436, 244336, 244933, 244936, 273630, 244347
YPOLY 273630, 244347, 244936, 244940, 273825, 244357
YPOLY 273825, 244357, 244940, 244943, 274019, 244367
YPOLY 274019, 244367, 244943, 244946, 274214, 244377
YPOLY 274214, 244377, 244946, 244949, 274408, 244387
YPOLY 274408, 244387, 244949, 244951, 274603, 244397
YPOLY 274603, 244397, 244951, 244954, 274797, 244406
YPOLY 274797, 244406, 244954, 244956, 274991, 244415
YPOLY 274991, 244415, 244956, 244958, 275186, 244425
YPOLY 275186, 244425, 244958, 244960, 275380, 244434
YPOLY 275380, 244434, 244960, 244962, 275575, 244442
YPOLY 275575, 244442, 244962, 244963, 275769, 244451
YPOLY 275769, 244451, 244963, 244965, 275964, 244460
YPOLY 275964, 244460, 244965, 244966, 276158, 244468
YPOLY 276158, 244468, 244966, 244968, 276353, 244476
YPOLY 276353, 244476, 244968, 244969, 276547, 244484
YPOLY 276547, 244484, 244969, 244970, 276742, 244492
YPOLY 276742, 244492, 244970, 244971, 276936, 244500
YPOLY 276936, 244500, 244971, 244971, 277131, 244508
YPOLY 277131, 244508, 244971, 244972, 277325, 244516
YPOLY 277325, 244516, 244972, 244973, 277520, 244523
YPOLY 277520, 244523, 244973, 244973, 277714, 244531
YPOLY 277714, 244531, 244973, 244974, 277909, 244538
YPOLY 277909, 244538, 244974, 244974, 278103, 244546
YPOLY 278103, 244546, 244974, 244974, 278298, 244553
YPOLY 278298, 244553, 244974, 244974, 278492, 244560
YPOLY 278492, 244560, 244974, 244974, 278687, 244567
YPOLY 278687, 244567, 244974, 244974, 278881, 244574
YPOLY 278881, 244574, 244974, 244974, 279076, 244581
YPOLY 279076, 244581, 244974, 244974, 279270, 244588
YPOLY 279270, 244588, 244974, 244974, 279465, 244594
YPOLY 279465, 244594, 244974, 244973, 279659, 244601
YPOLY 279659, 244601, 244973, 244973, 279854, 244608
YPOLY 279854, 244608, 244973, 244972, 280048, 244614
YPOLY 280048, 244614, 244972, 244972, 280243, 244621
YPOLY 280243, 244621, 244972, 244971, 280437, 244627
YPOLY 280437, 244627, 244971, 244971, 280632, 244633
YPOLY 280632, 244633, 244971, 244970, 280826, 244640
YPOLY 280826, 244640, 244970, 244969, 281021, 244646
YPOLY 281021, 244646, 244969, 244968, 281215, 244652
YPOLY 281215, 244652, 244968, 244967, 281410, 244658
YPOLY 281410, 244658, 244967, 244966, 281604, 244664
YPOLY 281604, 244664, 244966, 244965, 281798, 244670
YPOLY 281798, 244670, 244965, 244964, 281993, 244676
YPOLY 281993, 244676, 244964, 244963, 282187, 244682
YPOLY 282187, 244682, 244963, 244962, 282382, 244688
YPOLY 282382, 244688, 244962, 244961, 282576, 244693
YPOLY 282576, 244693, 244961, 244959, 282771, 244699
YPOLY 282771, 244699, 244959, 244958, 282965, 244705
YPOLY 282965, 244705, 244958, 244957, 283160, 244711
YPOLY 283160, 244711, 244957, 244955, 283354, 244716
YPOLY 283354, 244716, 244955, 244954, 283549, 244722
YPOLY 283549, 244722, 244954, 244952, 283743, 244727
YPOLY 283743, 244727, 244952, 244951, 283938, 244733
YPOLY 283938, 244733, 244951, 244949, 284132, 244738
YPOLY 284132, 244738, 244949, 244948, 284327, 244744
YPOLY 284327, 244744, 244948, 244946, 284521, 244749
YPOLY 284521, 244749, 244946, 244945, 284716, 244754
YPOLY 284716, 244754, 244945, 244943, 284910, 244760
YPOLY 284910, 244760, 244943, 244941, 285105, 244765
YPOLY 285105, 244765, 244941, 244939, 285299, 244770
YPOLY 285299, 244770, 244939, 244938, 285494, 244775
YPOLY 285494, 244775, 244938, 244936, 285688, 244781
YPOLY 285688, 244781, 244936, 244934, 285883, 244786
YPOLY 285883, 244786, 244934, 244932, 286077, 244791
YPOLY 286077, 244791, 244932, 244930, 286272, 244796
YPOLY 286272, 244796, 244930, 244928, 286466, 244801
YPOLY 286466, 244801, 244928, 244926, 286661, 244806
YPOLY 286661, 244806, 244926, 244924, 286855, 244811
YPOLY 286855, 244811, 244924, 244922, 287050, 244816
YPOLY 287050, 244816, 244922, 244920, 287244, 244821
YPOLY 287244, 244821, 244920, 244918, 287439, 244826
YPOLY 287439, 244826, 244918, 244916, 287633, 244831
YPOLY 287633, 244831, 244916, 244914, 287828, 244836
YPOLY 287828, 244836, 244914, 244912, 288022, 244841
YPOLY 288022, 244841, 244912, 244910, 288217, 244845
YPOLY 288217, 244845, 244910, 244908, 288411, 244850
YPOLY 288411, 244850, 244908, 244905, 288606, 244855
YPOLY 288606, 244855, 244905, 244903, 288800, 244860

YPOLY 209397, 246803, 247941, 248003, 209501, 246901
YPOLY 209501, 246901, 248003, 248062, 209610, 246994
YPOLY 209610, 246994, 248062, 248119, 209724, 247080
YPOLY 209724, 247080, 248119, 248172, 209843, 247159
YPOLY 209843, 247159, 248172, 248222, 209967, 247232
YPOLY 209967, 247232, 248222, 248268, 210094, 247297
YPOLY 210094, 247297, 248268, 248309, 210224, 247356
YPOLY 210224, 247356, 248309, 248346, 210358, 247407
YPOLY 210358, 247407, 248346, 248377, 210494, 247450
YPOLY 210494, 247450, 248377, 248403, 210633, 247486
YPOLY 210633, 247486, 248403, 248423, 210773, 247514
YPOLY 210773, 247514, 248423, 248438, 210914, 247534
YPOLY 210914, 247534, 248438, 248447, 211057, 247546
YPOLY 211057, 247546, 248447, 248450, 211200, 247550
YPOLY 208773, 247427, 247452, 247551, 208877, 247323
YPOLY 208877, 247323, 247551, 247642, 208981, 247219
YPOLY 208981, 247219, 247642, 247726, 209085, 247115
YPOLY 209085, 247115, 247726, 247803, 209189, 247011
YPOLY 209189, 247011, 247803, 247875, 209293, 246907
YPOLY 209293, 246907, 247875, 247941, 209397, 246803
YPOLY 208760, 247440, 247440, 247452, 208773, 247427
XPOLY 208259, 243197, 209397, 209299, 208197, 243301
XPOLY 208197, 243301, 209299, 209206, 208138, 243410
XPOLY 208138, 243410, 209206, 209120, 208081, 243524
XPOLY 208081, 243524, 209120, 209041, 208028, 243643
XPOLY 208028, 243643, 209041, 208968, 207978, 243767
XPOLY 207978, 243767, 208968, 208903, 207932, 243894
XPOLY 207932, 243894, 208903, 208844, 207891, 244024
XPOLY 207891, 244024, 208844, 208793, 207854, 244158
XPOLY 207854, 244158, 208793, 208750, 207823, 244294
XPOLY 207823, 244294, 208750, 208714, 207797, 244433
XPOLY 207797, 244433, 208714, 208686, 207777, 244573
XPOLY 207777, 244573, 208686, 208666, 207762, 244714
XPOLY 207762, 244714, 208666, 208654, 207753, 244857
XPOLY 207753, 244857, 208654, 208650, 207750, 245000
XPOLY 207750, 245000, 208650, 208654, 207753, 245143
XPOLY 207753, 245143, 208654, 208666, 207762, 245286
XPOLY 207762, 245286, 208666, 208686, 207777, 245427
XPOLY 207777, 245427, 208686, 208714, 207797, 245567
XPOLY 207797, 245567, 208714, 208750, 207823, 245706
XPOLY 207823, 245706, 208750, 208793, 207854, 245842
XPOLY 207854, 245842, 208793, 208844, 207891, 245976
XPOLY 207891, 245976, 208844, 208903, 207932, 246106
XPOLY 207932, 246106, 208903, 208968, 207978, 246233
XPOLY 207978, 246233, 208968, 209041, 208028, 246357
XPOLY 208028, 246357, 209041, 209120, 208081, 246476
XPOLY 208081, 246476, 209120, 209206, 208138, 246590
XPOLY 208138, 246590, 209206, 209299, 208197, 246699
XPOLY 208197, 246699, 209299, 209397, 208259, 246803
XPOLY 208259, 246803, 209397, 209293, 208325, 246907
XPOLY 208325, 246907, 209293, 209189, 208397, 247011
XPOLY 208397, 247011, 209189, 209085, 208474, 247115
XPOLY 208474, 247115, 209085, 208981, 208558, 247219
XPOLY 208558, 247219, 208981, 208877, 208649, 247323
XPOLY 208649, 247323, 208877, 208773, 208748, 247427
XPOLY 208748, 247427, 208773, 208760, 208760, 247440
XPOLY 208748, 242573, 208773, 208877, 208649, 242677
XPOLY 208649, 242677, 208877, 208981, 208558, 242781
XPOLY 208558, 242781, 208981, 209085, 208474, 242885
XPOLY 208474, 242885, 209085, 209189, 208397, 242989
XPOLY 208397, 242989, 209189, 209293, 208325, 243093
XPOLY 208325, 243093, 209293, 209397, 208259, 243197
XPOLY 208760, 242560, 208760, 208773, 208748, 242573
YPOLY 209397, 242059, 243197, 243099, 209501, 241997
YPOLY 209501, 241997, 243099, 243006, 209610, 241938
YPOLY 209610, 241938, 243006, 242920, 209724, 241881
YPOLY 209724, 241881, 242920, 242841, 209843, 241828
YPOLY 209843, 241828, 242841, 242768, 209967, 241778
YPOLY 209967, 241778, 242768, 242703, 210094, 241732
YPOLY 210094, 241732, 242703, 242644, 210224, 241691
YPOLY 210224, 241691, 242644, 242593, 210358, 241654
YPOLY 210358, 241654, 242593, 242550, 210494, 241623
YPOLY 210494, 241623, 242550, 242514, 210633, 241597
YPOLY 210633, 241597, 242514, 242486, 210773, 241577
YPOLY 210773, 241577, 242486, 242466, 210914, 241562
YPOLY 210914, 241562, 242466, 242454, 211057, 241553
YPOLY 211057, 241553, 242454, 242450, 211200, 241550
YPOLY 208773, 242548, 242573, 242677, 208877, 242449
YPOLY 208877, 242449, 242677, 242781, 208981, 242358
YPOLY 208981, 242358, 242781, 242885, 209085, 242274
YPOLY 209085, 242274, 242885, 242989, 209189, 242197
YPOLY 209189, 242197, 242989, 243093, 209293, 242125
YPOLY 209293, 242125, 243093, 243197, 209397, 242059
YPOLY 208760, 242560, 242560, 242573, 208773, 242548
XPOLY 290603, 243197, 291741, 291803, 290701, 243301
XPOLY 290701, 243301, 291803, 291862, 290794, 243410
XPOLY 290794, 243410, 291862, 291919, 290880, 243524
XPOLY 290880, 243524, 291919, 291972, 290959, 243643
XPOLY 290959, 243643, 291972, 292022, 291032, 243767
XPOLY 291032, 243767, 292022, 292068, 291097, 243894
XPOLY 291097, 243894, 292068, 292109, 291156, 244024
XPOLY 291156, 244024, 292109, 292146, 291207, 244158
XPOLY 291207, 244158, 292146, 292177, 291250, 244294
XPOLY 291250, 244294, 292177, 292203, 291286, 244433
XPOLY 291286, 244433, 292203, 292223, 291314, 244573
XPOLY 291314, 244573, 292223, 292238, 291334, 244714
XPOLY 291334, 244714, 292238, 292247, 291346, 244857
XPOLY 291346, 244857, 292247, 292250, 291350, 245000
XPOLY 291350, 245000, 292250, 292247, 291346, 245143
XPOLY 291346, 245143, 292247, 292238, 291334, 245286
XPOLY 291334, 245286, 292238, 292223, 291314, 245427
XPOLY 291314, 245427, 292223, 292203, 291286, 245567
XPOLY 291286, 245567, 292203, 292177, 291250, 245706
XPOLY 291250, 245706, 292177, 292146, 291207, 245842
XPOLY 291207, 245842, 292146, 292109, 291156, 245976
XPOLY 291156, 245976, 292109, 292068, 291097, 246106
XPOLY 291097, 246106, 292068, 292022, 291032, 246233
XPOLY 291032, 246233, 292022, 291972, 290959, 246357
XPOLY 290959, 246357, 291972, 291919, 290880, 246476
XPOLY 290880, 246476, 291919, 291862, 290794, 246590
XPOLY 290794, 246590, 291862, 291803, 290701, 246699
XPOLY 290701, 246699, 291803, 291741, 290603, 246803
XPOLY 290603, 246803, 291741, 291675, 290707, 246907
XPOLY 290707, 246907, 291675, 291603, 290811, 247011
XPOLY 290811, 247011, 291603, 291526, 290915, 247115
XPOLY 290915, 247115, 291526, 291442, 291019, 247219
XPOLY 291019, 247219, 291442, 291351, 291123, 247323
XPOLY 291123, 247323, 291351, 291252, 291227, 247427
XPOLY 291227, 247427, 291252, 291240, 291240, 247440
XPOLY 291227, 242573, 291252, 291351, 291123, 242677
XPOLY 291123, 242677, 291351, 291442, 291019, 242781
XPOLY 291019, 242781, 291442, 291526, 290915, 242885
XPOLY 290915, 242885, 291526, 291603, 290811, 242989
XPOLY 290811, 242989, 291603, 291675, 290707, 243093
XPOLY 290707, 243093, 291675, 291741, 290603, 243197
XPOLY 291240, 242560, 291240, 291252, 291227, 242573
YPOLY 288657, 247546, 248447, 248450, 288800, 247550
YPOLY 288800, 247550, 248450, 248447, 288943, 247546
YPOLY 288943, 247546, 248447, 248438, 289086, 247534
YPOLY 289086, 247534, 248438, 248423, 289227, 247514
YPOLY 289227, 247514, 248423, 248403, 289367, 247486
YPOLY 289367, 247486, 248403, 248377, 289506, 247450
YPOLY 289506, 247450, 248377, 248346, 289642, 247407
YPOLY 289642, 247407, 248346, 248309, 289776, 247356
YPOLY 289776, 247356, 248309, 248268, 289906, 247297
YPOLY 289906, 247297, 248268, 248222, 290033, 247232
YPOLY 290033, 247232, 248222, 248172, 290157, 247159
YPOLY 290157, 247159, 248172, 248119, 290276, 247080
YPOLY 290276, 247080, 248119, 248062, 290390, 246994
YPOLY 290390, 246994, 248062, 248003, 290499, 246901
YPOLY 290499, 246901, 248003, 247941, 290603, 246803
YPOLY 290603, 246803, 247941, 247875, 290707, 246907
YPOLY 290707, 246907, 247875, 247803, 290811, 247011
YPOLY 290811, 247011, 247803, 247726, 290915, 247115
YPOLY 290915, 247115, 247726, 247642, 291019, 247219
YPOLY 291019, 247219, 247642, 247551, 291123, 247323
YPOLY 291123, 247323, 247551, 247452, 291227, 247427
YPOLY 291227, 247427, 247452, 247440, 291240, 247440
YPOLY 288657, 241553, 242454, 242450, 288800, 241550
YPOLY 288800, 241550, 242450, 242454, 288943, 241553
YPOLY 288943, 241553, 242454, 242466, 289086, 241562
YPOLY 289086, 241562, 242466, 242486, 289227, 241577
YPOLY 289227, 241577, 242486, 242514, 289367, 241597
YPOLY 289367, 241597, 242514, 242550, 289506, 241623
YPOLY 289506, 241623, 242550, 242593, 289642, 241654
YPOLY 289642, 241654, 242593, 242644, 289776, 241691
YPOLY 289776, 241691, 242644, 242703, 289906, 241732
YPOLY 289906, 241732, 242703, 242768, 290033, 241778
YPOLY 290033, 241778, 242768, 242841, 290157, 241828
YPOLY 290157, 241828, 242841, 242920, 290276, 241881
YPOLY 290276, 241881, 242920, 243006, 290390, 241938
YPOLY 290390, 241938, 243006, 243099, 290499, 241997
YPOLY 290499, 241997, 243099, 243197, 290603, 242059
YPOLY 290603, 242059, 243197, 243093, 290707, 242125
YPOLY 290707, 242125, 243093, 242989, 290811, 242197
YPOLY 290811, 242197, 242989, 242885, 290915, 242274
YPOLY 290915, 242274, 242885, 242781, 291019, 242358
YPOLY 291019, 242358, 242781, 242677, 291123, 242449
YPOLY 291123, 242449, 242677, 242573, 291227, 242548
YPOLY 291227, 242548, 242573, 242560, 291240, 242560