D pattern_name
I 1
C 100
RECT -75, 31575, 4425, 55575
RECT -75, 97575, 4425, 121575
RECT 4425, 31725, 4575, 55575
RECT 4425, 97575, 4575, 121425
RECT 4575, 97425, 4725, 121425
RECT -75, 65025, 4875, 88125
RECT 4575, 31875, 4875, 55725
RECT 4725, 97425, 4875, 121275
RECT 4875, 32025, 5025, 55725
RECT 4875, 97425, 5025, 121125
RECT 5025, 32175, 5325, 55875
RECT 5025, 97275, 5325, 120975
RECT 4875, 65175, 5475, 87975
RECT 5325, 32325, 5475, 55875
RECT 5325, 97275, 5475, 120825
RECT 5475, 65325, 5625, 87975
RECT 5475, 32475, 5775, 56025
RECT 5475, 97125, 5775, 120675
RECT 5775, 32625, 5925, 56025
RECT 5775, 97125, 5925, 120525
RECT 5925, 32775, 6075, 56175
RECT 5625, 65325, 6225, 87825
RECT 5925, 96975, 6225, 120375
RECT 6075, 32925, 6375, 56175
RECT 6225, 96975, 6375, 120225
RECT 6375, 33075, 6525, 56325
RECT 6375, 96975, 6525, 120075
RECT 6525, 33225, 6825, 56325
RECT 6525, 96825, 6825, 119925
RECT 6225, 65475, 6975, 87675
RECT 6825, 33375, 6975, 56325
RECT 6825, 96825, 6975, 119775
RECT 6975, 33525, 7275, 56475
RECT 6975, 96675, 7275, 119625
RECT 7275, 33675, 7425, 56475
RECT 7275, 96675, 7425, 119475
RECT 6975, 65625, 7575, 87525
RECT 7425, 33825, 7725, 56625
RECT 7425, 96525, 7725, 119325
RECT 7575, 65775, 7725, 87525
RECT 7725, 33975, 7875, 56625
RECT 7725, 96525, 7875, 119175
RECT 7875, 34125, 8025, 56775
RECT 7875, 96375, 8025, 119025
RECT 7725, 65775, 8325, 87375
RECT 8025, 34275, 8325, 56775
RECT 8025, 96375, 8325, 118875
RECT 8325, 34425, 8475, 56925
RECT 8325, 96225, 8475, 118725
RECT 8475, 34575, 8775, 56925
RECT 8475, 96225, 8775, 118575
RECT 8325, 65925, 8925, 87225
RECT 8775, 34725, 8925, 57075
RECT 8775, 96225, 8925, 118425
RECT 8925, 66075, 9075, 87225
RECT 8925, 34875, 9225, 57075
RECT 8925, 96075, 9225, 118275
RECT 9225, 35025, 9375, 57075
RECT 9225, 96075, 9375, 118125
RECT 9375, 35175, 9525, 57225
RECT 9075, 66075, 9675, 87075
RECT 9375, 95925, 9675, 117975
RECT 9525, 35325, 9825, 57225
RECT 9675, 95925, 9825, 117825
RECT 9825, 35475, 9975, 57375
RECT 9825, 95775, 9975, 117675
RECT 9975, 35625, 10275, 57375
RECT 9975, 95775, 10275, 117525
RECT 9675, 66225, 10425, 86925
RECT 10275, 35775, 10425, 57525
RECT 10275, 95625, 10425, 117375
RECT 10425, 35925, 10725, 57525
RECT 10425, 95625, 10725, 117225
RECT 10725, 36075, 10875, 57675
RECT 10725, 95475, 10875, 117075
RECT 10425, 66375, 11025, 86775
RECT 10875, 36225, 11025, 57675
RECT 10875, 95475, 11175, 116925
RECT 11025, 36375, 11175, 57675
RECT 11025, 66525, 11175, 86775
RECT 11175, 36375, 11325, 57825
RECT 11175, 95475, 11325, 116775
RECT 11325, 36525, 11475, 57825
RECT 11325, 95325, 11475, 116625
RECT 11175, 66525, 11775, 86625
RECT 11475, 36675, 11775, 57825
RECT 11475, 95325, 11775, 116475
RECT 11775, 36825, 11925, 57975
RECT 11775, 95175, 11925, 116325
RECT 11925, 36975, 12225, 57975
RECT 11925, 95175, 12225, 116175
RECT 11775, 66675, 12375, 86475
RECT 12225, 37125, 12375, 58125
RECT 12225, 95025, 12375, 116025
RECT 12375, 66825, 12525, 86475
RECT 12375, 37275, 12675, 58125
RECT 12375, 95025, 12675, 115875
RECT 12675, 37425, 12825, 58275
RECT 12675, 94875, 12825, 115725
RECT 12825, 37575, 12975, 58275
RECT 12825, 94875, 12975, 115575
RECT 12525, 66825, 13125, 86325
RECT 12975, 37725, 13125, 58275
RECT 12975, 94875, 13125, 115425
RECT 13125, 37725, 13275, 58425
RECT 13125, 94725, 13275, 115425
RECT 13275, 37875, 13425, 58425
RECT 13275, 94725, 13425, 115275
RECT 13425, 38025, 13575, 58425
RECT 13425, 94725, 13575, 115125
RECT 13575, 38025, 13725, 58575
RECT 13575, 94575, 13725, 115125
RECT 13125, 66975, 13875, 86175
RECT 13725, 38175, 13875, 58575
RECT 13725, 94575, 13875, 114975
RECT 13875, 38325, 14025, 58575
RECT 13875, 94575, 14175, 114825
RECT 14025, 38325, 14175, 58725
RECT 14175, 38475, 14325, 58725
RECT 14175, 94425, 14325, 114675
RECT 13875, 67125, 14475, 86025
RECT 14325, 38625, 14475, 58725
RECT 14325, 94425, 14475, 114525
RECT 14475, 38775, 14625, 58725
RECT 14475, 67275, 14625, 86025
RECT 14475, 94425, 14625, 114375
RECT 14625, 38775, 14775, 58875
RECT 14625, 94275, 14775, 114375
RECT 14775, 38925, 14925, 58875
RECT 14775, 94275, 14925, 114225
RECT 14925, 94275, 15075, 114075
RECT 14625, 67275, 15225, 85875
RECT 14925, 39075, 15225, 59025
RECT 15075, 94125, 15225, 114075
RECT 15225, 39225, 15375, 59025
RECT 15225, 94125, 15375, 113925
RECT 15375, 39375, 15675, 59175
RECT 15375, 93975, 15675, 113775
RECT 15225, 67425, 15825, 85725
RECT 15675, 39525, 15825, 59175
RECT 15675, 93975, 15825, 113625
RECT 15825, 39675, 15975, 59325
RECT 15825, 67575, 15975, 85725
RECT 15825, 93825, 16125, 113475
RECT 15975, 39825, 16125, 59325
RECT 16125, 39825, 16275, 59475
RECT 16125, 93825, 16275, 113325
RECT 16275, 39975, 16425, 59475
RECT 16275, 93675, 16425, 113175
RECT 15975, 67575, 16575, 85575
RECT 16425, 40125, 16575, 59475
RECT 16425, 93675, 16575, 113025
RECT 16575, 40125, 16725, 59625
RECT 16575, 93525, 16725, 113025
RECT 16725, 40275, 16875, 59625
RECT 16725, 93525, 16875, 112875
RECT 16875, 40425, 17025, 59625
RECT 16875, 93525, 17025, 112725
RECT 17025, 40425, 17175, 59775
RECT 17025, 93375, 17175, 112725
RECT 16575, 67725, 17325, 85425
RECT 17175, 40575, 17325, 59775
RECT 17175, 93375, 17325, 112575
RECT 17325, 40725, 17475, 59925
RECT 17325, 93375, 17475, 112425
RECT 17475, 93225, 17625, 112425
RECT 17475, 40875, 17775, 59925
RECT 17625, 93225, 17775, 112275
RECT 17325, 67875, 17925, 85275
RECT 17775, 41025, 17925, 60075
RECT 17775, 93075, 17925, 112125
RECT 17925, 68025, 18075, 85275
RECT 17925, 41175, 18225, 60075
RECT 17925, 93075, 18225, 111975
RECT 18225, 41325, 18375, 60225
RECT 18225, 92925, 18375, 111825
RECT 18075, 68025, 18675, 85125
RECT 18375, 41475, 18675, 60225
RECT 18375, 92925, 18675, 111675
RECT 18675, 41625, 18825, 60375
RECT 18675, 92775, 18825, 111525
RECT 18825, 41775, 18975, 60375
RECT 18825, 92775, 18975, 111375
RECT 18975, 41775, 19125, 60525
RECT 18975, 92625, 19125, 111375
RECT 18675, 68175, 19275, 84975
RECT 19125, 41925, 19275, 60525
RECT 19125, 92625, 19275, 111225
RECT 19275, 42075, 19425, 60525
RECT 19275, 68325, 19425, 84975
RECT 19275, 92625, 19425, 111075
RECT 19425, 42225, 19725, 60675
RECT 19425, 92475, 19725, 110925
RECT 19725, 42375, 19875, 60675
RECT 19725, 92475, 19875, 110775
RECT 19425, 68325, 20025, 84825
RECT 19875, 42525, 20175, 60825
RECT 19875, 92325, 20175, 110625
RECT 20175, 42675, 20325, 60975
RECT 20175, 92175, 20325, 110475
RECT 20325, 42825, 20625, 60975
RECT 20325, 92175, 20625, 110325
RECT 20025, 68475, 20775, 84675
RECT 20625, 42975, 20775, 61125
RECT 20625, 92025, 20775, 110175
RECT 20775, 43125, 20925, 61125
RECT 20775, 92025, 21075, 110025
RECT 20925, 43275, 21075, 61125
RECT 21075, 43275, 21225, 61275
RECT 21075, 91875, 21225, 109875
RECT 20775, 68625, 21375, 84525
RECT 21225, 43425, 21375, 61275
RECT 21225, 91875, 21375, 109725
RECT 21375, 43575, 21675, 61425
RECT 21375, 91725, 21675, 109575
RECT 21675, 43725, 21825, 61425
RECT 21675, 91725, 21825, 109425
RECT 21375, 68775, 22125, 84375
RECT 21825, 43875, 22125, 61575
RECT 21825, 91575, 22125, 109275
RECT 22125, 44025, 22275, 61575
RECT 22125, 91575, 22275, 109125
RECT 22275, 44175, 22425, 61725
RECT 22275, 91425, 22575, 108975
RECT 22425, 44325, 22575, 61725
RECT 22125, 68925, 22725, 84225
RECT 22575, 44325, 22725, 61875
RECT 22575, 91275, 22725, 108825
RECT 22725, 44475, 22875, 61875
RECT 22725, 69075, 22875, 84225
RECT 22725, 91275, 22875, 108675
RECT 22875, 44625, 23025, 61875
RECT 22875, 91275, 23025, 108525
RECT 23025, 44625, 23175, 62025
RECT 23025, 91125, 23175, 108525
RECT 23175, 44775, 23325, 62025
RECT 23175, 91125, 23325, 108375
RECT 22875, 69075, 23475, 84075
RECT 23325, 44925, 23625, 62175
RECT 23325, 90975, 23625, 108225
RECT 23625, 45075, 23775, 62175
RECT 23625, 90975, 23775, 108075
RECT 23775, 45225, 23925, 62325
RECT 23775, 90825, 24075, 107925
RECT 23925, 45375, 24075, 62325
RECT 23475, 69225, 24225, 83925
RECT 24075, 45375, 24225, 62475
RECT 24075, 90825, 24225, 107775
RECT 24225, 45525, 24375, 62475
RECT 24225, 90675, 24375, 107625
RECT 24375, 45675, 24525, 62475
RECT 24375, 90675, 24525, 107475
RECT 24525, 45675, 24675, 62625
RECT 24525, 90525, 24675, 107475
RECT 24225, 69375, 24825, 83775
RECT 24675, 45825, 24825, 62625
RECT 24675, 90525, 24825, 107325
RECT 24825, 90525, 24975, 107175
RECT 24825, 45975, 25125, 62775
RECT 24975, 90375, 25125, 107175
RECT 25125, 46125, 25275, 62775
RECT 25125, 90375, 25275, 107025
RECT 24825, 69525, 25575, 83625
RECT 25275, 46275, 25575, 62925
RECT 25275, 90225, 25575, 106875
RECT 25575, 46425, 25725, 63075
RECT 25575, 90225, 25725, 106725
RECT 25725, 46575, 25875, 63075
RECT 25725, 90075, 25875, 106575
RECT 25875, 46725, 26025, 63075
RECT 25875, 90075, 26025, 106425
RECT 25575, 69675, 26175, 83475
RECT 26025, 46725, 26175, 63225
RECT 26025, 89925, 26175, 106425
RECT 26175, 46875, 26325, 63225
RECT 26175, 69825, 26325, 83475
RECT 26175, 89925, 26325, 106275
RECT 26325, 47025, 26475, 63225
RECT 26325, 89925, 26475, 106125
RECT 26475, 47025, 26625, 63375
RECT 26475, 89775, 26625, 106125
RECT 26625, 47175, 26775, 63375
RECT 26625, 89775, 26775, 105975
RECT 26325, 69825, 26925, 83325
RECT 26775, 47325, 27075, 63525
RECT 26775, 89625, 27075, 105825
RECT 27075, 47475, 27225, 63525
RECT 27075, 89625, 27225, 105675
RECT 27225, 47625, 27375, 63675
RECT 27225, 89475, 27525, 105525
RECT 27375, 47775, 27525, 63675
RECT 26925, 69975, 27675, 83175
RECT 27525, 47775, 27675, 63825
RECT 27525, 89325, 27675, 105375
RECT 27675, 47925, 27825, 63825
RECT 27675, 89325, 27825, 105225
RECT 27825, 48075, 27975, 63825
RECT 27825, 89325, 27975, 105075
RECT 27975, 48075, 28125, 63975
RECT 27975, 89175, 28125, 105075
RECT 27675, 70125, 28275, 83025
RECT 28125, 48225, 28275, 63975
RECT 28125, 89175, 28275, 104925
RECT 28275, 48375, 28575, 64125
RECT 28275, 89025, 28575, 104775
RECT 28575, 48525, 28725, 64125
RECT 28575, 89025, 28725, 104625
RECT 28725, 48675, 28875, 64275
RECT 28275, 70275, 29025, 82875
RECT 28725, 88875, 29025, 104475
RECT 28875, 48825, 29025, 64275
RECT 29025, 48825, 29175, 64425
RECT 29025, 88725, 29175, 104325
RECT 29175, 48975, 29325, 64425
RECT 29175, 88725, 29325, 104175
RECT 29325, 49125, 29475, 64425
RECT 29325, 88725, 29475, 104025
RECT 29025, 70425, 29625, 82725
RECT 29475, 49125, 29625, 64575
RECT 29475, 88575, 29625, 104025
RECT 29625, 49275, 29775, 64575
RECT 29625, 70575, 29775, 82725
RECT 29625, 88575, 29775, 103875
RECT 29775, 49425, 30075, 64725
RECT 29775, 88425, 30075, 103725
RECT 30075, 49575, 30225, 64725
RECT 30075, 88425, 30225, 103575
RECT 29775, 70575, 30375, 82575
RECT 30225, 49725, 30525, 64875
RECT 30225, 88275, 30525, 103425
RECT 30525, 49875, 30675, 65025
RECT 30525, 88125, 30675, 103275
RECT 30675, 50025, 30825, 65025
RECT 30675, 88125, 30825, 103125
RECT 30825, 88125, 30975, 102975
RECT 30375, 70725, 31125, 82425
RECT 30825, 50175, 31125, 65175
RECT 30975, 87975, 31125, 102975
RECT 31125, 50325, 31275, 65175
RECT 31125, 87975, 31275, 102825
RECT 31275, 50475, 31575, 65325
RECT 31275, 87825, 31575, 102675
RECT 31125, 70875, 31725, 82275
RECT 31575, 50625, 31725, 65475
RECT 31575, 87675, 31725, 102525
RECT 31725, 50775, 32025, 65475
RECT 31725, 87675, 32025, 102375
RECT 32025, 50925, 32175, 65625
RECT 32025, 87525, 32175, 102225
RECT 32175, 51075, 32325, 65625
RECT 32175, 87525, 32325, 102075
RECT 31725, 71025, 32475, 82125
RECT 32325, 51225, 32625, 65775
RECT 32325, 87375, 32625, 101925
RECT 32625, 51375, 32775, 65925
RECT 32625, 87375, 32775, 101775
RECT 32475, 71175, 33075, 81975
RECT 32775, 51525, 33075, 65925
RECT 32775, 87225, 33075, 101625
RECT 33075, 51675, 33225, 66075
RECT 33075, 71325, 33225, 81975
RECT 33075, 87075, 33225, 101475
RECT 33225, 51825, 33375, 66075
RECT 33225, 87075, 33375, 101325
RECT 33375, 51825, 33525, 66225
RECT 33375, 86925, 33525, 101325
RECT 33525, 51975, 33675, 66225
RECT 33525, 86925, 33675, 101175
RECT 33225, 71325, 33825, 81825
RECT 33675, 52125, 33825, 66225
RECT 33675, 86925, 33825, 101025
RECT 33825, 86775, 33975, 101025
RECT 33825, 52275, 34125, 66375
RECT 33975, 86775, 34125, 100875
RECT 34125, 52425, 34275, 66525
RECT 34125, 86625, 34275, 100725
RECT 34275, 52575, 34425, 66525
RECT 33825, 71475, 34575, 81675
RECT 34275, 86625, 34575, 100575
RECT 34425, 52575, 34575, 66675
RECT 34575, 52725, 34725, 66675
RECT 34575, 86475, 34725, 100425
RECT 34725, 52875, 34875, 66675
RECT 34725, 86475, 34875, 100275
RECT 34875, 52875, 35025, 66825
RECT 34875, 86325, 35025, 100275
RECT 34575, 71625, 35175, 81525
RECT 35025, 53025, 35175, 66825
RECT 35025, 86325, 35175, 100125
RECT 35175, 53175, 35325, 66975
RECT 35175, 86175, 35475, 99975
RECT 35325, 53325, 35625, 66975
RECT 35475, 86175, 35625, 99825
RECT 35625, 53475, 35775, 67125
RECT 35625, 86025, 35775, 99675
RECT 35175, 71775, 35925, 81375
RECT 35775, 53625, 35925, 67125
RECT 35775, 86025, 35925, 99525
RECT 35925, 53625, 36075, 67275
RECT 35925, 85875, 36075, 99525
RECT 36075, 53775, 36225, 67275
RECT 36075, 85875, 36225, 99375
RECT 35925, 71925, 36525, 81225
RECT 36225, 53925, 36525, 67425
RECT 36225, 85725, 36525, 99225
RECT 36525, 54075, 36675, 67425
RECT 36525, 72075, 36675, 81225
RECT 36525, 85725, 36675, 99075
RECT 36675, 54225, 36975, 67575
RECT 36675, 85575, 36975, 98925
RECT 36975, 54375, 37125, 67725
RECT 36975, 85425, 37125, 98775
RECT 36675, 72075, 37275, 81075
RECT 37125, 54525, 37275, 67725
RECT 37125, 85425, 37275, 98625
RECT 37275, 54675, 37575, 67875
RECT 37275, 85275, 37575, 98475
RECT 37575, 54825, 37725, 68025
RECT 37575, 85275, 37725, 98325
RECT 37275, 72225, 38025, 80925
RECT 37725, 54975, 38025, 68025
RECT 37725, 85125, 38025, 98175
RECT 38025, 55125, 38175, 68175
RECT 38025, 84975, 38175, 98025
RECT 38175, 55275, 38325, 68175
RECT 38175, 84975, 38325, 97875
RECT 38325, 55275, 38475, 68325
RECT 38325, 84825, 38475, 97875
RECT 38025, 72375, 38625, 80775
RECT 38475, 55425, 38625, 68325
RECT 38475, 84825, 38625, 97725
RECT 38625, 55575, 38775, 68475
RECT 38625, 84675, 38775, 97575
RECT 38775, 55725, 39075, 68475
RECT 38775, 84675, 39075, 97425
RECT 39075, 55875, 39225, 68625
RECT 39075, 84525, 39225, 97275
RECT 38625, 72525, 39375, 80625
RECT 39225, 56025, 39375, 68625
RECT 39225, 84525, 39375, 97125
RECT 39375, 56025, 39525, 68775
RECT 39375, 84375, 39525, 97125
RECT 39525, 56175, 39675, 68775
RECT 39525, 84375, 39675, 96975
RECT 39375, 72675, 39975, 80475
RECT 39675, 56325, 39975, 68925
RECT 39675, 84225, 39975, 96825
RECT 39975, 56475, 40125, 69075
RECT 39975, 72825, 40125, 80475
RECT 39975, 84225, 40125, 96675
RECT 40125, 56625, 40275, 69075
RECT 40125, 84075, 40425, 96525
RECT 40275, 56775, 40425, 69075
RECT 40425, 56775, 40575, 69225
RECT 40425, 83925, 40575, 96375
RECT 40125, 72825, 40725, 80325
RECT 40575, 56925, 40725, 69225
RECT 40575, 83925, 40725, 96225
RECT 40725, 57075, 41025, 69375
RECT 40725, 83775, 41025, 96075
RECT 41025, 57225, 41175, 69525
RECT 41025, 83625, 41175, 95925
RECT 40725, 72975, 41475, 80175
RECT 41175, 57375, 41475, 69525
RECT 41175, 83625, 41475, 95775
RECT 41475, 57525, 41625, 69675
RECT 41475, 83475, 41625, 95625
RECT 41625, 57675, 41775, 69675
RECT 41625, 83475, 41775, 95475
RECT 41775, 83325, 41925, 95475
RECT 41475, 73125, 42075, 80025
RECT 41775, 57825, 42075, 69825
RECT 41925, 83325, 42075, 95325
RECT 42075, 57975, 42225, 69975
RECT 42075, 83175, 42225, 95175
RECT 42225, 58125, 42375, 69975
RECT 42225, 83175, 42375, 95025
RECT 42375, 58125, 42525, 70125
RECT 42375, 83025, 42525, 95025
RECT 42525, 58275, 42675, 70125
RECT 42525, 83025, 42675, 94875
RECT 42075, 73275, 42825, 79875
RECT 42675, 83025, 42825, 94725
RECT 42675, 58425, 42975, 70275
RECT 42825, 82875, 42975, 94725
RECT 42975, 58575, 43125, 70275
RECT 42975, 82875, 43125, 94575
RECT 42825, 73425, 43425, 79725
RECT 43125, 58725, 43425, 70425
RECT 43125, 82725, 43425, 94425
RECT 43425, 58875, 43575, 70575
RECT 43425, 73575, 43575, 79725
RECT 43425, 82575, 43575, 94275
RECT 43575, 59025, 43725, 70575
RECT 43575, 82575, 43725, 94125
RECT 43725, 59175, 44025, 70725
RECT 43725, 82425, 44025, 93975
RECT 43575, 73575, 44175, 79575
RECT 44025, 59325, 44175, 70875
RECT 44025, 82275, 44175, 93825
RECT 44175, 59475, 44325, 70875
RECT 44175, 82275, 44475, 93675
RECT 44325, 59475, 44475, 71025
RECT 44475, 59625, 44625, 71025
RECT 44475, 82125, 44625, 93525
RECT 44625, 59775, 44775, 71025
RECT 44625, 82125, 44775, 93375
RECT 44175, 73725, 44925, 79425
RECT 44775, 59775, 44925, 71175
RECT 44775, 81975, 44925, 93375
RECT 44925, 59925, 45075, 71175
RECT 44925, 81975, 45075, 93225
RECT 45075, 60075, 45225, 71325
RECT 45075, 81825, 45375, 93075
RECT 45225, 60225, 45375, 71325
RECT 44925, 73875, 45525, 79275
RECT 45375, 60225, 45525, 71475
RECT 45375, 81675, 45525, 92925
RECT 45525, 60375, 45675, 71475
RECT 45525, 81675, 45675, 92775
RECT 45675, 60525, 45975, 71625
RECT 45675, 81525, 45975, 92625
RECT 45975, 60675, 46125, 71625
RECT 45975, 81525, 46125, 92475
RECT 45525, 74025, 46275, 79125
RECT 46125, 60825, 46425, 71775
RECT 46125, 81375, 46425, 92325
RECT 46425, 60975, 46575, 71925
RECT 46425, 81225, 46575, 92175
RECT 46575, 61125, 46725, 71925
RECT 46575, 81225, 46725, 92025
RECT 46275, 74175, 46875, 78975
RECT 46725, 81075, 46875, 92025
RECT 46725, 61275, 47025, 72075
RECT 46875, 74325, 47025, 78975
RECT 46875, 81075, 47025, 91875
RECT 47025, 61425, 47175, 72225
RECT 47025, 80925, 47175, 91725
RECT 47175, 61575, 47325, 72225
RECT 47175, 80925, 47325, 91575
RECT 47325, 61575, 47475, 72375
RECT 47325, 80775, 47475, 91575
RECT 47025, 74325, 47625, 78825
RECT 47475, 61725, 47625, 72375
RECT 47475, 80775, 47625, 91425
RECT 47625, 61875, 47925, 72525
RECT 47625, 80625, 47925, 91275
RECT 47925, 62025, 48075, 72675
RECT 47925, 80475, 48075, 91125
RECT 48075, 62175, 48225, 72675
RECT 48075, 80475, 48225, 90975
RECT 47625, 74475, 48375, 78675
RECT 48225, 80325, 48375, 90975
RECT 48225, 62325, 48525, 72825
RECT 48375, 80325, 48525, 90825
RECT 48525, 62475, 48675, 72975
RECT 48525, 80175, 48675, 90675
RECT 48675, 62625, 48825, 72975
RECT 48375, 74625, 48975, 78525
RECT 48675, 80175, 48975, 90525
RECT 48825, 62625, 48975, 73125
RECT 48975, 62775, 49125, 73125
RECT 48975, 80025, 49125, 90375
RECT 49125, 62925, 49275, 73125
RECT 49125, 80025, 49275, 90225
RECT 49275, 62925, 49425, 73275
RECT 49275, 79875, 49425, 90225
RECT 49425, 63075, 49575, 73275
RECT 49425, 79875, 49575, 90075
RECT 48975, 74775, 49725, 78375
RECT 49575, 63225, 49875, 73425
RECT 49575, 79725, 49875, 89925
RECT 49875, 63375, 50025, 73575
RECT 49875, 79575, 50025, 89775
RECT 50025, 63525, 50175, 73575
RECT 50025, 79575, 50175, 89625
RECT 49725, 74925, 50325, 78225
RECT 50175, 63675, 50475, 73725
RECT 50175, 79425, 50475, 89475
RECT 50325, 75075, 50475, 78225
RECT 50475, 63825, 50625, 73875
RECT 50475, 79275, 50625, 89325
RECT 50625, 63975, 50775, 73875
RECT 50625, 79275, 50775, 89175
RECT 50775, 63975, 50925, 74025
RECT 50775, 79125, 50925, 89175
RECT 50475, 75075, 51075, 78075
RECT 50925, 64125, 51075, 74025
RECT 50925, 79125, 51075, 89025
RECT 51075, 64275, 51375, 74175
RECT 51075, 78975, 51375, 88875
RECT 51375, 64425, 51525, 74325
RECT 51375, 78825, 51525, 88725
RECT 51525, 64575, 51675, 74325
RECT 51525, 78825, 51675, 88575
RECT 51075, 75225, 51825, 77925
RECT 51675, 78675, 51825, 88575
RECT 51675, 64725, 51975, 74475
RECT 51825, 78675, 51975, 88425
RECT 51975, 64875, 99825, 74625
RECT 51975, 78675, 99825, 88275
RECT 51825, 75375, 99975, 77775
RECT 99825, 64725, 100125, 74475
RECT 99825, 78675, 100125, 88425
RECT 99975, 75375, 100125, 77925
RECT 100125, 64575, 100275, 74325
RECT 100125, 78825, 100275, 88575
RECT 100275, 64425, 100425, 74325
RECT 100275, 78825, 100425, 88725
RECT 100425, 64425, 100575, 74175
RECT 100425, 78975, 100575, 88725
RECT 100125, 75225, 100725, 77925
RECT 100575, 64275, 100725, 74175
RECT 100575, 78975, 100725, 88875
RECT 100725, 64125, 100875, 74025
RECT 100725, 79125, 100875, 89025
RECT 100875, 63975, 101025, 74025
RECT 100875, 79125, 101025, 89175
RECT 101025, 63975, 101175, 73875
RECT 101025, 79275, 101175, 89175
RECT 101175, 63825, 101325, 73875
RECT 101175, 79275, 101325, 89325
RECT 100725, 75075, 101475, 78075
RECT 101325, 63675, 101625, 73725
RECT 101325, 79425, 101625, 89475
RECT 101625, 63525, 101775, 73575
RECT 101625, 79575, 101775, 89625
RECT 101775, 79575, 101925, 89775
RECT 101475, 74925, 102075, 78225
RECT 101775, 63375, 102075, 73575
RECT 101925, 79725, 102075, 89775
RECT 102075, 63225, 102225, 73425
RECT 102075, 79725, 102225, 89925
RECT 102225, 63075, 102375, 73425
RECT 102225, 79875, 102375, 90075
RECT 102375, 63075, 102525, 73275
RECT 102375, 79875, 102675, 90225
RECT 102525, 62925, 102675, 73275
RECT 102075, 74775, 102825, 78375
RECT 102675, 62775, 102825, 73125
RECT 102675, 80025, 102825, 90375
RECT 102825, 62625, 102975, 73125
RECT 102825, 80025, 102975, 90525
RECT 102975, 62625, 103125, 72975
RECT 102975, 80175, 103125, 90525
RECT 103125, 62475, 103275, 72975
RECT 103125, 80175, 103275, 90675
RECT 102825, 74625, 103425, 78525
RECT 103275, 62325, 103575, 72825
RECT 103275, 80325, 103575, 90825
RECT 103425, 74625, 103575, 78675
RECT 103575, 62175, 103725, 72675
RECT 103575, 80475, 103725, 90975
RECT 103725, 62025, 103875, 72675
RECT 103725, 80475, 103875, 91125
RECT 103875, 62025, 104025, 72525
RECT 103575, 74475, 104175, 78675
RECT 103875, 80625, 104175, 91275
RECT 104025, 61875, 104175, 72525
RECT 104175, 61725, 104325, 72375
RECT 104175, 80775, 104325, 91425
RECT 104325, 61575, 104475, 72375
RECT 104325, 80775, 104475, 91575
RECT 104475, 61575, 104625, 72225
RECT 104475, 80925, 104625, 91575
RECT 104625, 61425, 104775, 72225
RECT 104625, 80925, 104775, 91725
RECT 104175, 74325, 104925, 78825
RECT 104775, 61275, 105075, 72075
RECT 104775, 81075, 105075, 91875
RECT 105075, 61125, 105225, 71925
RECT 105075, 81225, 105225, 92025
RECT 105225, 60975, 105375, 71925
RECT 105225, 81225, 105375, 92175
RECT 104925, 74175, 105525, 78975
RECT 105375, 60975, 105525, 71775
RECT 105375, 81375, 105675, 92325
RECT 105525, 60825, 105675, 71775
RECT 105675, 60675, 105825, 71775
RECT 105675, 81525, 105825, 92475
RECT 105825, 60525, 106125, 71625
RECT 105825, 81525, 106125, 92625
RECT 105525, 74025, 106275, 79125
RECT 106125, 60375, 106275, 71475
RECT 106125, 81675, 106275, 92775
RECT 106275, 60225, 106425, 71475
RECT 106275, 81675, 106425, 92925
RECT 106425, 60225, 106575, 71325
RECT 106425, 81825, 106575, 92925
RECT 106575, 60075, 106725, 71325
RECT 106575, 81825, 106725, 93075
RECT 106275, 73875, 106875, 79275
RECT 106725, 59925, 107025, 71175
RECT 106725, 81975, 107025, 93225
RECT 106875, 73875, 107025, 79425
RECT 107025, 59775, 107175, 71025
RECT 107025, 82125, 107175, 93375
RECT 107175, 59625, 107325, 71025
RECT 107175, 82125, 107325, 93525
RECT 107325, 59475, 107475, 71025
RECT 107325, 82125, 107475, 93675
RECT 107025, 73725, 107625, 79425
RECT 107475, 59475, 107625, 70875
RECT 107475, 82275, 107625, 93675
RECT 107625, 59325, 107775, 70875
RECT 107625, 82275, 107775, 93825
RECT 107775, 59175, 108075, 70725
RECT 107775, 82425, 108075, 93975
RECT 108075, 59025, 108225, 70575
RECT 108075, 82575, 108225, 94125
RECT 107625, 73575, 108375, 79575
RECT 108225, 58875, 108375, 70575
RECT 108225, 82575, 108375, 94275
RECT 108375, 58875, 108525, 70425
RECT 108375, 82725, 108525, 94275
RECT 108525, 58725, 108675, 70425
RECT 108525, 82725, 108675, 94425
RECT 108675, 58575, 108825, 70425
RECT 108675, 82875, 108825, 94575
RECT 108375, 73425, 108975, 79725
RECT 108825, 58575, 108975, 70275
RECT 108825, 82875, 109125, 94725
RECT 108975, 58425, 109125, 70275
RECT 109125, 58275, 109275, 70125
RECT 109125, 83025, 109275, 94875
RECT 109275, 58125, 109425, 70125
RECT 109275, 83025, 109425, 95025
RECT 109425, 58125, 109575, 69975
RECT 109425, 83175, 109575, 95025
RECT 108975, 73275, 109725, 79875
RECT 109575, 57975, 109725, 69975
RECT 109575, 83175, 109725, 95175
RECT 109725, 57825, 110025, 69825
RECT 109725, 83325, 110025, 95325
RECT 110025, 57675, 110175, 69675
RECT 110025, 83475, 110175, 95475
RECT 109725, 73125, 110325, 80025
RECT 110175, 83475, 110325, 95625
RECT 110175, 57525, 110475, 69675
RECT 110325, 73125, 110475, 80175
RECT 110325, 83625, 110625, 95775
RECT 110475, 57375, 110625, 69525
RECT 110625, 57225, 110775, 69525
RECT 110625, 83625, 110775, 95925
RECT 110475, 72975, 111075, 80175
RECT 110775, 57075, 111075, 69375
RECT 110775, 83775, 111075, 96075
RECT 111075, 56925, 111225, 69225
RECT 111075, 83925, 111225, 96225
RECT 111225, 56775, 111375, 69225
RECT 111225, 83925, 111375, 96375
RECT 111375, 56775, 111525, 69075
RECT 111375, 84075, 111525, 96375
RECT 111525, 56625, 111675, 69075
RECT 111525, 84075, 111675, 96525
RECT 111075, 72825, 111825, 80325
RECT 111675, 56475, 111825, 69075
RECT 111675, 84075, 111825, 96675
RECT 111825, 56475, 111975, 68925
RECT 111825, 84225, 111975, 96675
RECT 111975, 56325, 112125, 68925
RECT 111975, 84225, 112125, 96825
RECT 112125, 56175, 112275, 68775
RECT 112125, 84375, 112275, 96975
RECT 111825, 72675, 112425, 80475
RECT 112275, 56025, 112425, 68775
RECT 112275, 84375, 112425, 97125
RECT 112425, 56025, 112575, 68625
RECT 112425, 84525, 112575, 97125
RECT 112575, 55875, 112725, 68625
RECT 112575, 84525, 112725, 97275
RECT 112725, 55725, 112875, 68625
RECT 112725, 84675, 113025, 97425
RECT 112875, 55725, 113025, 68475
RECT 112425, 72525, 113175, 80625
RECT 113025, 55575, 113175, 68475
RECT 113025, 84675, 113175, 97575
RECT 113175, 55425, 113475, 68325
RECT 113175, 84825, 113475, 97725
RECT 113475, 55275, 113625, 68175
RECT 113475, 84975, 113625, 97875
RECT 113175, 72375, 113775, 80775
RECT 113625, 55125, 113775, 68175
RECT 113625, 84975, 113775, 98025
RECT 113775, 72375, 113925, 80925
RECT 113775, 54975, 114075, 68025
RECT 113775, 85125, 114075, 98175
RECT 114075, 54825, 114225, 68025
RECT 114075, 85125, 114225, 98325
RECT 113925, 72225, 114525, 80925
RECT 114225, 54675, 114525, 67875
RECT 114225, 85275, 114525, 98475
RECT 114525, 54525, 114675, 67725
RECT 114525, 85425, 114675, 98625
RECT 114675, 54375, 114825, 67725
RECT 114675, 85425, 114825, 98775
RECT 114825, 54375, 114975, 67575
RECT 114825, 85575, 114975, 98775
RECT 114975, 54225, 115125, 67575
RECT 114975, 85575, 115125, 98925
RECT 114525, 72075, 115275, 81075
RECT 115125, 54075, 115275, 67575
RECT 115125, 85725, 115275, 99075
RECT 115275, 54075, 115425, 67425
RECT 115275, 85725, 115575, 99225
RECT 115425, 53925, 115575, 67425
RECT 115575, 53775, 115725, 67275
RECT 115575, 85875, 115725, 99375
RECT 115275, 71925, 115875, 81225
RECT 115725, 53625, 115875, 67275
RECT 115725, 85875, 115875, 99525
RECT 115875, 53625, 116025, 67125
RECT 115875, 86025, 116025, 99525
RECT 116025, 53475, 116175, 67125
RECT 116025, 86025, 116175, 99675
RECT 116175, 53325, 116475, 66975
RECT 116175, 86175, 116475, 99825
RECT 115875, 71775, 116625, 81375
RECT 116475, 53175, 116625, 66975
RECT 116475, 86175, 116625, 99975
RECT 116625, 86325, 116775, 100125
RECT 116625, 53025, 116925, 66825
RECT 116775, 86325, 116925, 100275
RECT 116925, 52875, 117075, 66675
RECT 116925, 86475, 117075, 100275
RECT 116625, 71625, 117225, 81525
RECT 117075, 52725, 117225, 66675
RECT 117075, 86475, 117225, 100425
RECT 117225, 52575, 117375, 66675
RECT 117225, 71625, 117375, 81675
RECT 117225, 86475, 117375, 100575
RECT 117375, 52575, 117525, 66525
RECT 117375, 86625, 117525, 100575
RECT 117525, 52425, 117675, 66525
RECT 117525, 86625, 117675, 100725
RECT 117375, 71475, 117975, 81675
RECT 117675, 52275, 117975, 66375
RECT 117675, 86775, 117975, 100875
RECT 117975, 52125, 118125, 66375
RECT 117975, 86925, 118125, 101025
RECT 118125, 51975, 118425, 66225
RECT 118125, 86925, 118425, 101175
RECT 118425, 51825, 118575, 66075
RECT 118425, 87075, 118575, 101325
RECT 117975, 71325, 118725, 81825
RECT 118575, 51675, 118725, 66075
RECT 118575, 87075, 118725, 101475
RECT 118725, 51525, 119025, 65925
RECT 118725, 87225, 119025, 101625
RECT 119025, 51375, 119175, 65925
RECT 119025, 87225, 119175, 101775
RECT 118725, 71175, 119325, 81975
RECT 119175, 51225, 119475, 65775
RECT 119175, 87375, 119475, 101925
RECT 119475, 51075, 119625, 65625
RECT 119475, 87525, 119625, 102075
RECT 119625, 87525, 119775, 102225
RECT 119625, 50925, 119925, 65625
RECT 119775, 87675, 119925, 102225
RECT 119325, 71025, 120075, 82125
RECT 119925, 50775, 120075, 65475
RECT 119925, 87675, 120075, 102375
RECT 120075, 50625, 120225, 65475
RECT 120075, 87675, 120225, 102525
RECT 120225, 50625, 120375, 65325
RECT 120225, 87825, 120525, 102675
RECT 120375, 50475, 120525, 65325
RECT 120075, 70875, 120675, 82275
RECT 120525, 50325, 120675, 65175
RECT 120525, 87975, 120675, 102825
RECT 120675, 70875, 120825, 82425
RECT 120675, 50175, 120975, 65175
RECT 120675, 87975, 120975, 102975
RECT 120975, 50025, 121125, 65025
RECT 120975, 88125, 121125, 103125
RECT 121125, 49875, 121275, 65025
RECT 121125, 88125, 121275, 103275
RECT 120825, 70725, 121425, 82425
RECT 121275, 49875, 121425, 64875
RECT 121275, 88275, 121425, 103275
RECT 121425, 49725, 121575, 64875
RECT 121425, 88275, 121575, 103425
RECT 121575, 49575, 121725, 64875
RECT 121575, 88425, 121725, 103575
RECT 121725, 49575, 121875, 64725
RECT 121725, 88425, 122025, 103725
RECT 121875, 49425, 122025, 64725
RECT 121425, 70575, 122175, 82575
RECT 122025, 49275, 122175, 64575
RECT 122025, 88575, 122175, 103875
RECT 122175, 49125, 122325, 64575
RECT 122175, 88575, 122325, 104025
RECT 122325, 49125, 122475, 64425
RECT 122325, 88725, 122475, 104025
RECT 122475, 48975, 122625, 64425
RECT 122475, 88725, 122625, 104175
RECT 122175, 70425, 122775, 82725
RECT 122625, 48825, 122775, 64425
RECT 122625, 88725, 122775, 104325
RECT 122775, 48825, 122925, 64275
RECT 122775, 88875, 122925, 104325
RECT 122925, 48675, 123075, 64275
RECT 122925, 88875, 123075, 104475
RECT 123075, 89025, 123225, 104625
RECT 123075, 48525, 123375, 64125
RECT 122775, 70275, 123525, 82875
RECT 123225, 89025, 123525, 104775
RECT 123375, 48375, 123525, 64125
RECT 123525, 48225, 123675, 63975
RECT 123525, 89175, 123675, 104925
RECT 123675, 48075, 123825, 63975
RECT 123675, 89175, 123825, 105075
RECT 123825, 48075, 123975, 63825
RECT 123825, 89325, 123975, 105075
RECT 123525, 70125, 124125, 83025
RECT 123975, 47925, 124125, 63825
RECT 123975, 89325, 124125, 105225
RECT 124125, 47775, 124275, 63825
RECT 124125, 70125, 124275, 83175
RECT 124125, 89325, 124275, 105375
RECT 124275, 47775, 124425, 63675
RECT 124275, 89475, 124425, 105375
RECT 124425, 47625, 124575, 63675
RECT 124425, 89475, 124575, 105525
RECT 124575, 47475, 124725, 63675
RECT 124275, 69975, 124875, 83175
RECT 124575, 89625, 124875, 105675
RECT 124725, 47475, 124875, 63525
RECT 124875, 47325, 125025, 63525
RECT 124875, 89625, 125025, 105825
RECT 125025, 47175, 125175, 63375
RECT 125025, 89775, 125175, 105975
RECT 125175, 89775, 125325, 106125
RECT 124875, 69825, 125475, 83325
RECT 125175, 47025, 125475, 63375
RECT 125325, 89925, 125475, 106125
RECT 125475, 46875, 125625, 63225
RECT 125475, 69825, 125625, 83475
RECT 125475, 89925, 125625, 106275
RECT 125625, 46725, 125775, 63225
RECT 125625, 89925, 125775, 106425
RECT 125775, 46725, 125925, 63075
RECT 125775, 90075, 125925, 106425
RECT 125925, 46575, 126075, 63075
RECT 125925, 90075, 126075, 106575
RECT 125625, 69675, 126225, 83475
RECT 126075, 46425, 126225, 63075
RECT 126075, 90075, 126225, 106725
RECT 126225, 46425, 126375, 62925
RECT 126225, 90225, 126375, 106725
RECT 126375, 46275, 126525, 62925
RECT 126375, 90225, 126525, 106875
RECT 126525, 90375, 126675, 107025
RECT 126525, 46125, 126825, 62775
RECT 126225, 69525, 126975, 83625
RECT 126675, 90375, 126975, 107175
RECT 126825, 45975, 126975, 62775
RECT 126975, 45825, 127125, 62625
RECT 126975, 90525, 127125, 107325
RECT 127125, 45675, 127275, 62625
RECT 127125, 90525, 127275, 107475
RECT 127275, 45675, 127425, 62475
RECT 127275, 90675, 127425, 107475
RECT 126975, 69375, 127575, 83775
RECT 127425, 45525, 127575, 62475
RECT 127425, 90675, 127575, 107625
RECT 127575, 45375, 127725, 62475
RECT 127575, 69375, 127725, 83925
RECT 127575, 90675, 127725, 107775
RECT 127725, 45375, 127875, 62325
RECT 127725, 90825, 127875, 107775
RECT 127875, 45225, 128025, 62325
RECT 127875, 90825, 128025, 107925
RECT 128025, 90975, 128175, 108075
RECT 127725, 69225, 128325, 83925
RECT 128025, 45075, 128325, 62175
RECT 128175, 90975, 128475, 108225
RECT 128325, 44925, 128475, 62175
RECT 128475, 44775, 128625, 62025
RECT 128475, 91125, 128625, 108375
RECT 128625, 44625, 128775, 62025
RECT 128625, 91125, 128775, 108525
RECT 128325, 69075, 128925, 84075
RECT 128775, 44625, 128925, 61875
RECT 128775, 91275, 128925, 108525
RECT 128925, 44475, 129075, 61875
RECT 128925, 69075, 129075, 84225
RECT 128925, 91275, 129075, 108675
RECT 129075, 44325, 129225, 61875
RECT 129075, 91275, 129225, 108825
RECT 129225, 44325, 129375, 61725
RECT 129225, 91425, 129375, 108825
RECT 129375, 44175, 129525, 61725
RECT 129375, 91425, 129525, 108975
RECT 129075, 68925, 129675, 84225
RECT 129525, 44025, 129675, 61725
RECT 129525, 91575, 129825, 109125
RECT 129675, 44025, 129825, 61575
RECT 129825, 43875, 129975, 61575
RECT 129825, 91575, 129975, 109275
RECT 129975, 43725, 130125, 61425
RECT 129975, 91725, 130125, 109425
RECT 129675, 68775, 130425, 84375
RECT 130125, 43575, 130425, 61425
RECT 130125, 91725, 130425, 109575
RECT 130425, 43425, 130575, 61275
RECT 130425, 91875, 130575, 109725
RECT 130575, 91875, 130725, 109875
RECT 130575, 43275, 130875, 61275
RECT 130725, 92025, 130875, 109875
RECT 130425, 68625, 131025, 84525
RECT 130875, 43125, 131025, 61125
RECT 130875, 92025, 131025, 110025
RECT 131025, 42975, 131175, 61125
RECT 131025, 68625, 131175, 84675
RECT 131025, 92025, 131175, 110175
RECT 131175, 42975, 131325, 60975
RECT 131175, 92175, 131325, 110175
RECT 131325, 42825, 131475, 60975
RECT 131325, 92175, 131475, 110325
RECT 131475, 42675, 131625, 60975
RECT 131475, 92175, 131625, 110475
RECT 131175, 68475, 131775, 84675
RECT 131625, 42525, 131925, 60825
RECT 131625, 92325, 131925, 110625
RECT 131925, 42375, 132075, 60825
RECT 131925, 92475, 132075, 110775
RECT 131775, 68325, 132375, 84825
RECT 132075, 42225, 132375, 60675
RECT 132075, 92475, 132375, 110925
RECT 132375, 42075, 132525, 60525
RECT 132375, 68325, 132525, 84975
RECT 132375, 92625, 132525, 111075
RECT 132525, 41925, 132825, 60525
RECT 132525, 92625, 132825, 111225
RECT 132825, 41775, 132975, 60375
RECT 132825, 92775, 132975, 111375
RECT 132525, 68175, 133125, 84975
RECT 132975, 92775, 133125, 111525
RECT 132975, 41625, 133275, 60375
RECT 133125, 92775, 133275, 111675
RECT 133275, 41475, 133425, 60225
RECT 133275, 92925, 133425, 111675
RECT 133425, 41325, 133575, 60225
RECT 133425, 92925, 133575, 111825
RECT 133125, 68025, 133875, 85125
RECT 133575, 41175, 133875, 60075
RECT 133575, 93075, 133875, 111975
RECT 133875, 41025, 134025, 60075
RECT 133875, 93075, 134025, 112125
RECT 134025, 40875, 134325, 59925
RECT 134025, 93225, 134325, 112275
RECT 133875, 67875, 134475, 85275
RECT 134325, 40725, 134475, 59925
RECT 134325, 93225, 134475, 112425
RECT 134475, 67875, 134625, 85425
RECT 134475, 93375, 134625, 112575
RECT 134475, 40575, 134775, 59775
RECT 134625, 93375, 134775, 112725
RECT 134775, 40425, 134925, 59625
RECT 134775, 93525, 134925, 112725
RECT 134925, 40275, 135075, 59625
RECT 134925, 93525, 135075, 112875
RECT 134625, 67725, 135225, 85425
RECT 135075, 40125, 135225, 59625
RECT 135075, 93525, 135225, 113025
RECT 135225, 40125, 135375, 59475
RECT 135225, 93675, 135375, 113025
RECT 135375, 39975, 135525, 59475
RECT 135375, 93675, 135525, 113175
RECT 135525, 39825, 135675, 59475
RECT 135525, 93675, 135675, 113325
RECT 135225, 67575, 135825, 85575
RECT 135675, 39825, 135825, 59325
RECT 135675, 93825, 135825, 113325
RECT 135825, 39675, 135975, 59325
RECT 135825, 67575, 135975, 85725
RECT 135825, 93825, 135975, 113475
RECT 135975, 39525, 136275, 59175
RECT 135975, 93975, 136275, 113625
RECT 136275, 39375, 136425, 59175
RECT 136275, 93975, 136425, 113775
RECT 135975, 67425, 136575, 85725
RECT 136425, 39225, 136575, 59025
RECT 136425, 94125, 136575, 113925
RECT 136575, 39075, 136875, 59025
RECT 136575, 94125, 136875, 114075
RECT 136875, 38925, 137025, 58875
RECT 136875, 94275, 137025, 114225
RECT 137025, 94275, 137175, 114375
RECT 136575, 67275, 137325, 85875
RECT 137025, 38775, 137325, 58875
RECT 137175, 94425, 137325, 114375
RECT 137325, 38625, 137475, 58725
RECT 137325, 94425, 137475, 114525
RECT 137475, 38475, 137775, 58725
RECT 137475, 94425, 137775, 114675
RECT 137325, 67125, 137925, 86025
RECT 137775, 38325, 137925, 58575
RECT 137775, 94575, 137925, 114825
RECT 137925, 67125, 138075, 86175
RECT 137925, 94575, 138075, 114975
RECT 137925, 38175, 138225, 58575
RECT 138075, 94575, 138225, 115125
RECT 138225, 38025, 138375, 58425
RECT 138225, 94725, 138375, 115125
RECT 138375, 37875, 138525, 58425
RECT 138375, 94725, 138525, 115275
RECT 138075, 66975, 138675, 86175
RECT 138525, 37725, 138675, 58425
RECT 138525, 94725, 138675, 115425
RECT 138675, 37725, 138825, 58275
RECT 138675, 94875, 138825, 115425
RECT 138825, 37575, 138975, 58275
RECT 138825, 94875, 138975, 115575
RECT 138975, 37425, 139125, 58275
RECT 138975, 94875, 139125, 115725
RECT 138675, 66825, 139275, 86325
RECT 139125, 37425, 139275, 58125
RECT 139125, 95025, 139275, 115725
RECT 139275, 37275, 139425, 58125
RECT 139275, 66825, 139425, 86475
RECT 139275, 95025, 139425, 115875
RECT 139425, 37125, 139575, 58125
RECT 139425, 95025, 139575, 116025
RECT 139575, 37125, 139725, 57975
RECT 139575, 95175, 139875, 116175
RECT 139725, 36975, 139875, 57975
RECT 139425, 66675, 140025, 86475
RECT 139875, 36825, 140025, 57975
RECT 139875, 95175, 140025, 116325
RECT 140025, 36675, 140175, 57975
RECT 140025, 95325, 140325, 116475
RECT 140175, 36675, 140325, 57825
RECT 140325, 36525, 140475, 57825
RECT 140325, 95325, 140475, 116625
RECT 140475, 36375, 140625, 57825
RECT 140475, 95325, 140625, 116775
RECT 140025, 66525, 140775, 86625
RECT 140625, 36375, 140775, 57675
RECT 140625, 95475, 140775, 116775
RECT 140775, 36225, 140925, 57675
RECT 140775, 95475, 140925, 116925
RECT 140925, 36075, 141075, 57675
RECT 140925, 95475, 141075, 117075
RECT 141075, 36075, 141225, 57525
RECT 140775, 66375, 141375, 86775
RECT 141075, 95625, 141375, 117225
RECT 141225, 35925, 141375, 57525
RECT 141375, 35775, 141525, 57525
RECT 141375, 66375, 141525, 86925
RECT 141375, 95625, 141525, 117375
RECT 141525, 35625, 141825, 57375
RECT 141525, 95775, 141825, 117525
RECT 141825, 35475, 141975, 57375
RECT 141825, 95775, 141975, 117675
RECT 141525, 66225, 142125, 86925
RECT 141975, 35325, 142275, 57225
RECT 141975, 95925, 142275, 117825
RECT 142275, 35175, 142425, 57225
RECT 142275, 95925, 142425, 117975
RECT 142425, 35025, 142575, 57225
RECT 142125, 66075, 142725, 87075
RECT 142425, 96075, 142725, 118125
RECT 142575, 35025, 142725, 57075
RECT 142725, 34875, 142875, 57075
RECT 142725, 66075, 142875, 87225
RECT 142725, 96075, 142875, 118275
RECT 142875, 34725, 143025, 57075
RECT 142875, 96075, 143025, 118425
RECT 143025, 34575, 143325, 56925
RECT 143025, 96225, 143325, 118575
RECT 142875, 65925, 143475, 87225
RECT 143325, 34425, 143475, 56925
RECT 143325, 96225, 143475, 118725
RECT 143475, 34275, 143775, 56775
RECT 143475, 96375, 143775, 118875
RECT 143775, 34125, 143925, 56775
RECT 143775, 96375, 143925, 119025
RECT 143475, 65775, 144225, 87375
RECT 143925, 33975, 144225, 56625
RECT 143925, 96525, 144225, 119175
RECT 144225, 33825, 144375, 56625
RECT 144225, 96525, 144375, 119325
RECT 144375, 96675, 144525, 119475
RECT 144375, 33675, 144675, 56475
RECT 144225, 65625, 144825, 87525
RECT 144525, 96675, 144825, 119625
RECT 144675, 33525, 144825, 56475
RECT 144825, 33375, 144975, 56475
RECT 144825, 65625, 144975, 87675
RECT 144825, 96825, 144975, 119775
RECT 144975, 33225, 145275, 56325
RECT 144975, 96825, 145275, 119925
RECT 145275, 33075, 145425, 56325
RECT 145275, 96825, 145425, 120075
RECT 144975, 65475, 145575, 87675
RECT 145425, 32925, 145725, 56175
RECT 145425, 96975, 145725, 120225
RECT 145725, 32775, 145875, 56175
RECT 145725, 96975, 145875, 120375
RECT 145875, 97125, 146025, 120525
RECT 145575, 65325, 146175, 87825
RECT 145875, 32625, 146175, 56025
RECT 146025, 97125, 146325, 120675
RECT 146175, 32475, 146325, 56025
RECT 146175, 65325, 146325, 87975
RECT 146325, 32325, 146475, 55875
RECT 146325, 97275, 146475, 120825
RECT 146475, 32175, 146775, 55875
RECT 146475, 97275, 146775, 120975
RECT 146325, 65175, 146925, 87975
RECT 146775, 32025, 146925, 55725
RECT 146775, 97425, 146925, 121125
RECT 146925, 31875, 147225, 55725
RECT 146925, 97425, 147225, 121275
RECT 147225, 31725, 147375, 55575
RECT 147225, 97575, 147375, 121425
RECT 146925, 65025, 149925, 88125
RECT 147375, 31575, 149925, 55575
RECT 147375, 97575, 149925, 121575
END