D square_v0.97_d1800_x_1_y_1
I 2
C 200
RECT 101256, 103002, 101904, 103650
RECT 101256, 103650, 101655, 103825
RECT 101904, 103002, 102079, 103401
RECT 101256, 103825, 101530, 103875
RECT 102079, 103002, 102129, 103276
RECT 101655, 103650, 101779, 103750
RECT 101904, 103401, 102004, 103525
RECT 101256, 103875, 101405, 103899
RECT 102129, 103002, 102153, 103151
RECT 101655, 103750, 101704, 103800
RECT 101779, 103650, 101829, 103700
RECT 101904, 103525, 101954, 103575
RECT 102004, 103401, 102054, 103450
RECT 101530, 103825, 101580, 103850
RECT 102079, 103276, 102104, 103326
RECT 101704, 103750, 101729, 103775
RECT 101779, 103700, 101804, 103725
RECT 101829, 103650, 101854, 103675
RECT 101904, 103575, 101929, 103600
RECT 101954, 103525, 101979, 103550
RECT 102004, 103450, 102029, 103475
END


D square_v0.97_d1800_x_1_y_0, 1746, 1746, 1, 57
I 2
C 200
RECT 101256, 1734, 101530, 3480
RECT 101530, 1734, 102004, 2257
RECT 101530, 2956, 102004, 3480
RECT 101530, 2257, 101779, 2482
RECT 101530, 2731, 101779, 2956
RECT 102004, 1734, 102129, 2008
RECT 102004, 3205, 102129, 3480
RECT 101779, 2257, 101904, 2382
RECT 101779, 2831, 101904, 2956
RECT 101530, 2482, 101655, 2557
RECT 101530, 2656, 101655, 2731
RECT 102004, 2008, 102079, 2133
RECT 102004, 3080, 102079, 3205
RECT 102129, 1734, 102153, 1883
RECT 102129, 3330, 102153, 3480
RECT 101655, 2482, 101704, 2532
RECT 101655, 2681, 101704, 2731
RECT 101779, 2382, 101829, 2432
RECT 101779, 2781, 101829, 2831
RECT 101904, 2257, 101954, 2307
RECT 101904, 2906, 101954, 2956
RECT 102004, 2133, 102054, 2182
RECT 102004, 3031, 102054, 3080
RECT 101530, 2557, 101580, 2582
RECT 101530, 2631, 101580, 2656
RECT 102079, 2008, 102104, 2058
RECT 102079, 3155, 102104, 3205
RECT 101704, 2482, 101729, 2507
RECT 101704, 2706, 101729, 2731
RECT 101779, 2432, 101804, 2457
RECT 101779, 2756, 101804, 2781
RECT 101829, 2382, 101854, 2407
RECT 101829, 2806, 101854, 2831
RECT 101904, 2307, 101929, 2332
RECT 101904, 2881, 101929, 2906
RECT 101954, 2257, 101979, 2282
RECT 101954, 2931, 101979, 2956
RECT 102004, 2182, 102029, 2207
RECT 102004, 3006, 102029, 3031
END


D square_v0.97_d1800_x_1_y_-1
I 2
C 200
RECT 101256, 2831, 101904, 3480
RECT 101256, 2656, 101655, 2831
RECT 101904, 3080, 102079, 3480
RECT 101256, 2607, 101530, 2656
RECT 102079, 3205, 102129, 3480
RECT 101655, 2731, 101779, 2831
RECT 101904, 2956, 102004, 3080
RECT 101256, 2582, 101405, 2607
RECT 102129, 3330, 102153, 3480
RECT 101655, 2681, 101704, 2731
RECT 101779, 2781, 101829, 2831
RECT 101904, 2906, 101954, 2956
RECT 102004, 3031, 102054, 3080
RECT 101530, 2631, 101580, 2656
RECT 102079, 3155, 102104, 3205
RECT 101704, 2706, 101729, 2731
RECT 101779, 2756, 101804, 2781
RECT 101829, 2806, 101854, 2831
RECT 101904, 2881, 101929, 2906
RECT 101954, 2931, 101979, 2956
RECT 102004, 3006, 102029, 3031
END


D square_v0.97_d1800_x_0_y_1, 1746, 1746, 57, 1
I 2
C 200
RECT 1734, 101256, 3480, 101530
RECT 1734, 101530, 2257, 102004
RECT 2956, 101530, 3480, 102004
RECT 2257, 101530, 2482, 101779
RECT 2731, 101530, 2956, 101779
RECT 1734, 102004, 2008, 102129
RECT 3205, 102004, 3480, 102129
RECT 2257, 101779, 2382, 101904
RECT 2831, 101779, 2956, 101904
RECT 2008, 102004, 2133, 102079
RECT 2482, 101530, 2557, 101655
RECT 2656, 101530, 2731, 101655
RECT 3080, 102004, 3205, 102079
RECT 1734, 102129, 1883, 102153
RECT 3330, 102129, 3480, 102153
RECT 2133, 102004, 2182, 102054
RECT 2257, 101904, 2307, 101954
RECT 2382, 101779, 2432, 101829
RECT 2482, 101655, 2532, 101704
RECT 2681, 101655, 2731, 101704
RECT 2781, 101779, 2831, 101829
RECT 2906, 101904, 2956, 101954
RECT 3031, 102004, 3080, 102054
RECT 2008, 102079, 2058, 102104
RECT 2557, 101530, 2582, 101580
RECT 2631, 101530, 2656, 101580
RECT 3155, 102079, 3205, 102104
RECT 2182, 102004, 2207, 102029
RECT 2257, 101954, 2282, 101979
RECT 2307, 101904, 2332, 101929
RECT 2382, 101829, 2407, 101854
RECT 2432, 101779, 2457, 101804
RECT 2482, 101704, 2507, 101729
RECT 2706, 101704, 2731, 101729
RECT 2756, 101779, 2781, 101804
RECT 2806, 101829, 2831, 101854
RECT 2881, 101904, 2906, 101929
RECT 2931, 101954, 2956, 101979
RECT 3006, 102004, 3031, 102029
END


D square_v0.97_d1800_x_0_y_0, 1746, 1746, 57, 57
I 2
C 200
RECT 1734, 1734, 2008, 3480
RECT 3205, 1734, 3480, 3480
RECT 2008, 1734, 3205, 2008
RECT 2008, 3205, 3205, 3480
RECT 2008, 2008, 2382, 2382
RECT 2008, 2831, 2382, 3205
RECT 2831, 2008, 3205, 2382
RECT 2831, 2831, 3205, 3205
RECT 2008, 2382, 2182, 2532
RECT 2008, 2681, 2182, 2831
RECT 2382, 2008, 2532, 2182
RECT 2382, 3031, 2532, 3205
RECT 2681, 2008, 2831, 2182
RECT 2681, 3031, 2831, 3205
RECT 3031, 2382, 3205, 2532
RECT 3031, 2681, 3205, 2831
RECT 2182, 2382, 2257, 2482
RECT 2182, 2731, 2257, 2831
RECT 2382, 2182, 2457, 2282
RECT 2382, 2931, 2457, 3031
RECT 2731, 2182, 2831, 2257
RECT 2731, 2956, 2831, 3031
RECT 2931, 2382, 3031, 2457
RECT 2931, 2756, 3031, 2831
RECT 2008, 2532, 2133, 2557
RECT 2008, 2656, 2133, 2681
RECT 2532, 2008, 2557, 2133
RECT 2532, 3080, 2557, 3205
RECT 2656, 2008, 2681, 2133
RECT 2656, 3080, 2681, 3205
RECT 3080, 2532, 3205, 2557
RECT 3080, 2656, 3205, 2681
RECT 2257, 2382, 2307, 2432
RECT 2257, 2781, 2307, 2831
RECT 2781, 2257, 2831, 2307
RECT 2781, 2906, 2831, 2956
RECT 2457, 2182, 2482, 2257
RECT 2457, 2956, 2482, 3031
RECT 2956, 2457, 3031, 2482
RECT 2956, 2731, 3031, 2756
RECT 2008, 2557, 2058, 2582
RECT 2008, 2631, 2058, 2656
RECT 2382, 2282, 2407, 2332
RECT 2382, 2881, 2407, 2931
RECT 2557, 2008, 2582, 2058
RECT 2557, 3155, 2582, 3205
RECT 2631, 2008, 2656, 2058
RECT 2631, 3155, 2656, 3205
RECT 2881, 2382, 2931, 2407
RECT 2881, 2806, 2931, 2831
RECT 3155, 2557, 3205, 2582
RECT 3155, 2631, 3205, 2656
RECT 2182, 2482, 2207, 2507
RECT 2182, 2706, 2207, 2731
RECT 2257, 2432, 2282, 2457
RECT 2257, 2756, 2282, 2781
RECT 2307, 2382, 2332, 2407
RECT 2307, 2806, 2332, 2831
RECT 2407, 2282, 2432, 2307
RECT 2407, 2906, 2432, 2931
RECT 2482, 2182, 2507, 2207
RECT 2482, 3006, 2507, 3031
RECT 2706, 2182, 2731, 2207
RECT 2706, 3006, 2731, 3031
RECT 2756, 2257, 2781, 2282
RECT 2756, 2931, 2781, 2956
RECT 2806, 2307, 2831, 2332
RECT 2806, 2881, 2831, 2906
RECT 2906, 2407, 2931, 2432
RECT 2906, 2781, 2931, 2806
RECT 3006, 2482, 3031, 2507
RECT 3006, 2706, 3031, 2731
END


D square_v0.97_d1800_x_0_y_-1, 1746, 1746, 57, 1
I 2
C 200
RECT 1734, 1459, 3480, 1734
RECT 1734, 985, 2257, 1459
RECT 2956, 985, 3480, 1459
RECT 2257, 1210, 2482, 1459
RECT 2731, 1210, 2956, 1459
RECT 1734, 861, 2008, 985
RECT 3205, 861, 3480, 985
RECT 2257, 1085, 2382, 1210
RECT 2831, 1085, 2956, 1210
RECT 2008, 910, 2133, 985
RECT 2482, 1334, 2557, 1459
RECT 2656, 1334, 2731, 1459
RECT 3080, 910, 3205, 985
RECT 1734, 836, 1883, 861
RECT 3330, 836, 3480, 861
RECT 2133, 935, 2182, 985
RECT 2257, 1035, 2307, 1085
RECT 2382, 1160, 2432, 1210
RECT 2482, 1285, 2532, 1334
RECT 2681, 1285, 2731, 1334
RECT 2781, 1160, 2831, 1210
RECT 2906, 1035, 2956, 1085
RECT 3031, 935, 3080, 985
RECT 2008, 885, 2058, 910
RECT 2557, 1409, 2582, 1459
RECT 2631, 1409, 2656, 1459
RECT 3155, 885, 3205, 910
RECT 2182, 960, 2207, 985
RECT 2257, 1010, 2282, 1035
RECT 2307, 1060, 2332, 1085
RECT 2382, 1135, 2407, 1160
RECT 2432, 1185, 2457, 1210
RECT 2482, 1260, 2507, 1285
RECT 2706, 1260, 2731, 1285
RECT 2756, 1185, 2781, 1210
RECT 2806, 1135, 2831, 1160
RECT 2881, 1060, 2906, 1085
RECT 2931, 1010, 2956, 1035
RECT 3006, 960, 3031, 985
END


D square_v0.97_d1800_x_-1_y_1
I 2
C 200
RECT 1085, 103002, 1734, 103650
RECT 910, 103002, 1085, 103401
RECT 1334, 103650, 1734, 103825
RECT 861, 103002, 910, 103276
RECT 1459, 103825, 1734, 103875
RECT 985, 103401, 1085, 103525
RECT 1210, 103650, 1334, 103750
RECT 836, 103002, 861, 103151
RECT 1584, 103875, 1734, 103899
RECT 935, 103401, 985, 103450
RECT 1035, 103525, 1085, 103575
RECT 1160, 103650, 1210, 103700
RECT 1285, 103750, 1334, 103800
RECT 885, 103276, 910, 103326
RECT 1409, 103825, 1459, 103850
RECT 960, 103450, 985, 103475
RECT 1010, 103525, 1035, 103550
RECT 1060, 103575, 1085, 103600
RECT 1135, 103650, 1160, 103675
RECT 1185, 103700, 1210, 103725
RECT 1260, 103750, 1285, 103775
END


D square_v0.97_d1800_x_-1_y_0, 1746, 1746, 1, 57
I 2
C 200
RECT 1459, 1734, 1734, 3480
RECT 985, 1734, 1459, 2257
RECT 985, 2956, 1459, 3480
RECT 1210, 2257, 1459, 2482
RECT 1210, 2731, 1459, 2956
RECT 861, 1734, 985, 2008
RECT 861, 3205, 985, 3480
RECT 1085, 2257, 1210, 2382
RECT 1085, 2831, 1210, 2956
RECT 910, 2008, 985, 2133
RECT 910, 3080, 985, 3205
RECT 1334, 2482, 1459, 2557
RECT 1334, 2656, 1459, 2731
RECT 836, 1734, 861, 1883
RECT 836, 3330, 861, 3480
RECT 935, 2133, 985, 2182
RECT 935, 3031, 985, 3080
RECT 1035, 2257, 1085, 2307
RECT 1035, 2906, 1085, 2956
RECT 1160, 2382, 1210, 2432
RECT 1160, 2781, 1210, 2831
RECT 1285, 2482, 1334, 2532
RECT 1285, 2681, 1334, 2731
RECT 885, 2008, 910, 2058
RECT 885, 3155, 910, 3205
RECT 1409, 2557, 1459, 2582
RECT 1409, 2631, 1459, 2656
RECT 960, 2182, 985, 2207
RECT 960, 3006, 985, 3031
RECT 1010, 2257, 1035, 2282
RECT 1010, 2931, 1035, 2956
RECT 1060, 2307, 1085, 2332
RECT 1060, 2881, 1085, 2906
RECT 1135, 2382, 1160, 2407
RECT 1135, 2806, 1160, 2831
RECT 1185, 2432, 1210, 2457
RECT 1185, 2756, 1210, 2781
RECT 1260, 2482, 1285, 2507
RECT 1260, 2706, 1285, 2731
END


D square_v0.97_d1800_x_-1_y_-1
I 2
C 200
RECT 1085, 2831, 1734, 3480
RECT 910, 3080, 1085, 3480
RECT 1334, 2656, 1734, 2831
RECT 861, 3205, 910, 3480
RECT 1459, 2607, 1734, 2656
RECT 985, 2956, 1085, 3080
RECT 1210, 2731, 1334, 2831
RECT 836, 3330, 861, 3480
RECT 1584, 2582, 1734, 2607
RECT 935, 3031, 985, 3080
RECT 1035, 2906, 1085, 2956
RECT 1160, 2781, 1210, 2831
RECT 1285, 2681, 1334, 2731
RECT 885, 3155, 910, 3205
RECT 1409, 2631, 1459, 2656
RECT 960, 3006, 985, 3031
RECT 1010, 2931, 1035, 2956
RECT 1060, 2881, 1085, 2906
RECT 1135, 2806, 1160, 2831
RECT 1185, 2756, 1210, 2781
RECT 1260, 2706, 1285, 2731
END





D square_v0.97_d2100_x_1_y_1
I 2
C 200
RECT 101838, 103875, 102583, 104620
RECT 101838, 104620, 102260, 104843
RECT 102583, 103875, 102806, 104297
RECT 102260, 104620, 102409, 104769
RECT 102583, 104297, 102682, 104520
RECT 101838, 104843, 102036, 104918
RECT 102806, 103875, 102856, 104173
RECT 102409, 104620, 102483, 104719
RECT 102682, 104297, 102732, 104446
RECT 102036, 104843, 102136, 104893
RECT 102856, 103875, 102881, 104073
RECT 102260, 104769, 102310, 104819
RECT 102483, 104620, 102533, 104670
RECT 102583, 104520, 102633, 104570
RECT 102732, 104297, 102757, 104396
RECT 102136, 104843, 102210, 104868
RECT 102806, 104173, 102831, 104247
RECT 102310, 104769, 102359, 104794
RECT 102757, 104297, 102782, 104347
RECT 102409, 104719, 102434, 104744
RECT 102483, 104670, 102508, 104694
RECT 102533, 104620, 102558, 104645
RECT 102583, 104570, 102608, 104595
RECT 102633, 104520, 102657, 104545
RECT 102682, 104446, 102707, 104471
END


D square_v0.97_d2100_x_1_y_0, 2037, 2037, 1, 49
I 2
C 200
RECT 101838, 2025, 102136, 4062
RECT 102136, 2025, 102682, 2670
RECT 102136, 3416, 102682, 4062
RECT 102136, 2670, 102483, 2869
RECT 102136, 3217, 102483, 3416
RECT 102682, 2025, 102831, 2397
RECT 102682, 3689, 102831, 4062
RECT 102136, 2869, 102310, 2969
RECT 102136, 3118, 102310, 3217
RECT 102682, 2397, 102757, 2546
RECT 102682, 3540, 102757, 3689
RECT 102483, 2670, 102583, 2770
RECT 102483, 3316, 102583, 3416
RECT 102831, 2025, 102881, 2223
RECT 102831, 3863, 102881, 4062
RECT 102310, 2869, 102409, 2919
RECT 102310, 3167, 102409, 3217
RECT 102136, 2969, 102210, 3018
RECT 102136, 3068, 102210, 3118
RECT 102483, 2770, 102533, 2820
RECT 102483, 3267, 102533, 3316
RECT 102583, 2670, 102633, 2720
RECT 102583, 3366, 102633, 3416
RECT 102682, 2546, 102732, 2596
RECT 102682, 3490, 102732, 3540
RECT 102757, 2397, 102782, 2497
RECT 102757, 3590, 102782, 3689
RECT 102831, 2223, 102856, 2323
RECT 102831, 3763, 102856, 3863
RECT 102210, 2969, 102260, 2993
RECT 102210, 3093, 102260, 3118
RECT 102310, 2919, 102359, 2944
RECT 102310, 3142, 102359, 3167
RECT 102782, 2397, 102806, 2447
RECT 102782, 3639, 102806, 3689
RECT 102409, 2869, 102434, 2894
RECT 102409, 3192, 102434, 3217
RECT 102483, 2820, 102508, 2844
RECT 102483, 3242, 102508, 3267
RECT 102533, 2770, 102558, 2795
RECT 102533, 3291, 102558, 3316
RECT 102583, 2720, 102608, 2745
RECT 102583, 3341, 102608, 3366
RECT 102633, 2670, 102657, 2695
RECT 102633, 3391, 102657, 3416
RECT 102682, 2596, 102707, 2621
RECT 102682, 3465, 102707, 3490
END


D square_v0.97_d2100_x_1_y_-1
I 2
C 200
RECT 101838, 3316, 102583, 4062
RECT 101838, 3093, 102260, 3316
RECT 102583, 3639, 102806, 4062
RECT 102260, 3167, 102409, 3316
RECT 102583, 3416, 102682, 3639
RECT 101838, 3018, 102036, 3093
RECT 102806, 3763, 102856, 4062
RECT 102409, 3217, 102483, 3316
RECT 102682, 3490, 102732, 3639
RECT 102036, 3043, 102136, 3093
RECT 102856, 3863, 102881, 4062
RECT 102260, 3118, 102310, 3167
RECT 102483, 3267, 102533, 3316
RECT 102583, 3366, 102633, 3416
RECT 102732, 3540, 102757, 3639
RECT 102136, 3068, 102210, 3093
RECT 102806, 3689, 102831, 3763
RECT 102310, 3142, 102359, 3167
RECT 102757, 3590, 102782, 3639
RECT 102409, 3192, 102434, 3217
RECT 102483, 3242, 102508, 3267
RECT 102533, 3291, 102558, 3316
RECT 102583, 3341, 102608, 3366
RECT 102633, 3391, 102657, 3416
RECT 102682, 3465, 102707, 3490
END


D square_v0.97_d2100_x_0_y_1, 2037, 2037, 49, 1
I 2
C 200
RECT 2025, 101838, 4062, 102136
RECT 2025, 102136, 2670, 102682
RECT 3416, 102136, 4062, 102682
RECT 2670, 102136, 2869, 102483
RECT 3217, 102136, 3416, 102483
RECT 2025, 102682, 2397, 102831
RECT 3689, 102682, 4062, 102831
RECT 2869, 102136, 2969, 102310
RECT 3118, 102136, 3217, 102310
RECT 2397, 102682, 2546, 102757
RECT 3540, 102682, 3689, 102757
RECT 2025, 102831, 2223, 102881
RECT 2670, 102483, 2770, 102583
RECT 3316, 102483, 3416, 102583
RECT 3863, 102831, 4062, 102881
RECT 2869, 102310, 2919, 102409
RECT 3167, 102310, 3217, 102409
RECT 2969, 102136, 3018, 102210
RECT 3068, 102136, 3118, 102210
RECT 2223, 102831, 2323, 102856
RECT 2397, 102757, 2447, 102806
RECT 2546, 102682, 2596, 102732
RECT 2670, 102583, 2720, 102633
RECT 2770, 102483, 2820, 102533
RECT 3267, 102483, 3316, 102533
RECT 3366, 102583, 3416, 102633
RECT 3490, 102682, 3540, 102732
RECT 3590, 102757, 3689, 102782
RECT 3763, 102831, 3863, 102856
RECT 2447, 102757, 2497, 102782
RECT 2919, 102310, 2944, 102359
RECT 2969, 102210, 2993, 102260
RECT 3093, 102210, 3118, 102260
RECT 3142, 102310, 3167, 102359
RECT 3639, 102782, 3689, 102806
RECT 2596, 102682, 2621, 102707
RECT 2670, 102633, 2695, 102657
RECT 2720, 102583, 2745, 102608
RECT 2770, 102533, 2795, 102558
RECT 2820, 102483, 2844, 102508
RECT 2869, 102409, 2894, 102434
RECT 3192, 102409, 3217, 102434
RECT 3242, 102483, 3267, 102508
RECT 3291, 102533, 3316, 102558
RECT 3341, 102583, 3366, 102608
RECT 3391, 102633, 3416, 102657
RECT 3465, 102682, 3490, 102707
END


D square_v0.97_d2100_x_0_y_0, 2037, 2037, 49, 49
I 2
C 200
RECT 2025, 2025, 2323, 4062
RECT 3763, 2025, 4062, 4062
RECT 2323, 2025, 3763, 2323
RECT 2323, 3763, 3763, 4062
RECT 2323, 2323, 2770, 2770
RECT 2323, 3316, 2770, 3763
RECT 3316, 2323, 3763, 2770
RECT 3316, 3316, 3763, 3763
RECT 2323, 2770, 2596, 2919
RECT 2323, 3167, 2596, 3316
RECT 2770, 2323, 2919, 2596
RECT 2770, 3490, 2919, 3763
RECT 3167, 2323, 3316, 2596
RECT 3167, 3490, 3316, 3763
RECT 3490, 2770, 3763, 2919
RECT 3490, 3167, 3763, 3316
RECT 2323, 2919, 2447, 2993
RECT 2323, 3093, 2447, 3167
RECT 2919, 2323, 2993, 2447
RECT 2919, 3639, 2993, 3763
RECT 3093, 2323, 3167, 2447
RECT 3093, 3639, 3167, 3763
RECT 3639, 2919, 3763, 2993
RECT 3639, 3093, 3763, 3167
RECT 2596, 2770, 2670, 2869
RECT 2596, 3217, 2670, 3316
RECT 2770, 2596, 2844, 2695
RECT 2770, 3391, 2844, 3490
RECT 3217, 2596, 3316, 2670
RECT 3217, 3416, 3316, 3490
RECT 3391, 2770, 3490, 2844
RECT 3391, 3242, 3490, 3316
RECT 2447, 2919, 2497, 2969
RECT 2447, 3118, 2497, 3167
RECT 2670, 2770, 2720, 2820
RECT 2670, 3267, 2720, 3316
RECT 2919, 2447, 2944, 2546
RECT 2919, 3540, 2944, 3639
RECT 3118, 2447, 3167, 2497
RECT 3118, 3590, 3167, 3639
RECT 3267, 2670, 3316, 2720
RECT 3267, 3366, 3316, 3416
RECT 3540, 2919, 3639, 2944
RECT 3540, 3142, 3639, 3167
RECT 2323, 2993, 2397, 3018
RECT 2323, 3068, 2397, 3093
RECT 2844, 2596, 2869, 2670
RECT 2844, 3416, 2869, 3490
RECT 2993, 2323, 3018, 2397
RECT 2993, 3689, 3018, 3763
RECT 3068, 2323, 3093, 2397
RECT 3068, 3689, 3093, 3763
RECT 3416, 2844, 3490, 2869
RECT 3416, 3217, 3490, 3242
RECT 3689, 2993, 3763, 3018
RECT 3689, 3068, 3763, 3093
RECT 2497, 2919, 2546, 2944
RECT 2497, 3142, 2546, 3167
RECT 2770, 2695, 2795, 2745
RECT 2770, 3341, 2795, 3391
RECT 2944, 2447, 2969, 2497
RECT 2944, 3590, 2969, 3639
RECT 3142, 2497, 3167, 2546
RECT 3142, 3540, 3167, 3590
RECT 3341, 2770, 3391, 2795
RECT 3341, 3291, 3391, 3316
RECT 3590, 2944, 3639, 2969
RECT 3590, 3118, 3639, 3142
RECT 2596, 2869, 2621, 2894
RECT 2596, 3192, 2621, 3217
RECT 2670, 2820, 2695, 2844
RECT 2670, 3242, 2695, 3267
RECT 2720, 2770, 2745, 2795
RECT 2720, 3291, 2745, 3316
RECT 2795, 2695, 2820, 2720
RECT 2795, 3366, 2820, 3391
RECT 2869, 2596, 2894, 2621
RECT 2869, 3465, 2894, 3490
RECT 3192, 2596, 3217, 2621
RECT 3192, 3465, 3217, 3490
RECT 3242, 2670, 3267, 2695
RECT 3242, 3391, 3267, 3416
RECT 3291, 2720, 3316, 2745
RECT 3291, 3341, 3316, 3366
RECT 3366, 2795, 3391, 2820
RECT 3366, 3267, 3391, 3291
RECT 3465, 2869, 3490, 2894
RECT 3465, 3192, 3490, 3217
END


D square_v0.97_d2100_x_0_y_-1, 2037, 2037, 49, 1
I 2
C 200
RECT 2025, 1726, 4062, 2025
RECT 2025, 1180, 2670, 1726
RECT 3416, 1180, 4062, 1726
RECT 2670, 1379, 2869, 1726
RECT 3217, 1379, 3416, 1726
RECT 2025, 1031, 2397, 1180
RECT 3689, 1031, 4062, 1180
RECT 2869, 1553, 2969, 1726
RECT 3118, 1553, 3217, 1726
RECT 2397, 1105, 2546, 1180
RECT 3540, 1105, 3689, 1180
RECT 2025, 981, 2223, 1031
RECT 2670, 1279, 2770, 1379
RECT 3316, 1279, 3416, 1379
RECT 3863, 981, 4062, 1031
RECT 2869, 1453, 2919, 1553
RECT 3167, 1453, 3217, 1553
RECT 2969, 1652, 3018, 1726
RECT 3068, 1652, 3118, 1726
RECT 2223, 1006, 2323, 1031
RECT 2397, 1056, 2447, 1105
RECT 2546, 1130, 2596, 1180
RECT 2670, 1230, 2720, 1279
RECT 2770, 1329, 2820, 1379
RECT 3267, 1329, 3316, 1379
RECT 3366, 1230, 3416, 1279
RECT 3490, 1130, 3540, 1180
RECT 3590, 1081, 3689, 1105
RECT 3763, 1006, 3863, 1031
RECT 2447, 1081, 2497, 1105
RECT 2919, 1503, 2944, 1553
RECT 2969, 1602, 2993, 1652
RECT 3093, 1602, 3118, 1652
RECT 3142, 1503, 3167, 1553
RECT 3639, 1056, 3689, 1081
RECT 2596, 1155, 2621, 1180
RECT 2670, 1205, 2695, 1230
RECT 2720, 1254, 2745, 1279
RECT 2770, 1304, 2795, 1329
RECT 2820, 1354, 2844, 1379
RECT 2869, 1428, 2894, 1453
RECT 3192, 1428, 3217, 1453
RECT 3242, 1354, 3267, 1379
RECT 3291, 1304, 3316, 1329
RECT 3341, 1254, 3366, 1279
RECT 3391, 1205, 3416, 1230
RECT 3465, 1155, 3490, 1180
END


D square_v0.97_d2100_x_-1_y_1
I 2
C 200
RECT 1279, 103875, 2025, 104620
RECT 1056, 103875, 1279, 104297
RECT 1602, 104620, 2025, 104843
RECT 1130, 104297, 1279, 104446
RECT 1379, 104620, 1602, 104719
RECT 981, 103875, 1056, 104073
RECT 1726, 104843, 2025, 104893
RECT 1180, 104446, 1279, 104520
RECT 1453, 104719, 1602, 104769
RECT 1006, 104073, 1056, 104173
RECT 1826, 104893, 2025, 104918
RECT 1081, 104297, 1130, 104347
RECT 1230, 104520, 1279, 104570
RECT 1329, 104620, 1379, 104670
RECT 1503, 104769, 1602, 104794
RECT 1031, 104173, 1056, 104247
RECT 1652, 104843, 1726, 104868
RECT 1105, 104347, 1130, 104396
RECT 1553, 104794, 1602, 104819
RECT 1155, 104446, 1180, 104471
RECT 1205, 104520, 1230, 104545
RECT 1254, 104570, 1279, 104595
RECT 1304, 104620, 1329, 104645
RECT 1354, 104670, 1379, 104694
RECT 1428, 104719, 1453, 104744
END


D square_v0.97_d2100_x_-1_y_0, 2037, 2037, 1, 49
I 2
C 200
RECT 1726, 2025, 2025, 4062
RECT 1180, 2025, 1726, 2670
RECT 1180, 3416, 1726, 4062
RECT 1379, 2670, 1726, 2869
RECT 1379, 3217, 1726, 3416
RECT 1031, 2025, 1180, 2397
RECT 1031, 3689, 1180, 4062
RECT 1553, 2869, 1726, 2969
RECT 1553, 3118, 1726, 3217
RECT 1105, 2397, 1180, 2546
RECT 1105, 3540, 1180, 3689
RECT 981, 2025, 1031, 2223
RECT 981, 3863, 1031, 4062
RECT 1279, 2670, 1379, 2770
RECT 1279, 3316, 1379, 3416
RECT 1453, 2869, 1553, 2919
RECT 1453, 3167, 1553, 3217
RECT 1652, 2969, 1726, 3018
RECT 1652, 3068, 1726, 3118
RECT 1006, 2223, 1031, 2323
RECT 1006, 3763, 1031, 3863
RECT 1056, 2397, 1105, 2447
RECT 1056, 3639, 1105, 3689
RECT 1130, 2546, 1180, 2596
RECT 1130, 3490, 1180, 3540
RECT 1230, 2670, 1279, 2720
RECT 1230, 3366, 1279, 3416
RECT 1329, 2770, 1379, 2820
RECT 1329, 3267, 1379, 3316
RECT 1081, 2447, 1105, 2497
RECT 1081, 3590, 1105, 3639
RECT 1503, 2919, 1553, 2944
RECT 1503, 3142, 1553, 3167
RECT 1602, 2969, 1652, 2993
RECT 1602, 3093, 1652, 3118
RECT 1155, 2596, 1180, 2621
RECT 1155, 3465, 1180, 3490
RECT 1205, 2670, 1230, 2695
RECT 1205, 3391, 1230, 3416
RECT 1254, 2720, 1279, 2745
RECT 1254, 3341, 1279, 3366
RECT 1304, 2770, 1329, 2795
RECT 1304, 3291, 1329, 3316
RECT 1354, 2820, 1379, 2844
RECT 1354, 3242, 1379, 3267
RECT 1428, 2869, 1453, 2894
RECT 1428, 3192, 1453, 3217
END


D square_v0.97_d2100_x_-1_y_-1
I 2
C 200
RECT 1279, 3316, 2025, 4062
RECT 1056, 3639, 1279, 4062
RECT 1602, 3093, 2025, 3316
RECT 1130, 3490, 1279, 3639
RECT 1379, 3217, 1602, 3316
RECT 981, 3863, 1056, 4062
RECT 1726, 3043, 2025, 3093
RECT 1180, 3416, 1279, 3490
RECT 1453, 3167, 1602, 3217
RECT 1006, 3763, 1056, 3863
RECT 1826, 3018, 2025, 3043
RECT 1081, 3590, 1130, 3639
RECT 1230, 3366, 1279, 3416
RECT 1329, 3267, 1379, 3316
RECT 1503, 3142, 1602, 3167
RECT 1031, 3689, 1056, 3763
RECT 1652, 3068, 1726, 3093
RECT 1105, 3540, 1130, 3590
RECT 1553, 3118, 1602, 3142
RECT 1155, 3465, 1180, 3490
RECT 1205, 3391, 1230, 3416
RECT 1254, 3341, 1279, 3366
RECT 1304, 3291, 1329, 3316
RECT 1354, 3242, 1379, 3267
RECT 1428, 3192, 1453, 3217
END





D square_v1.02_d1800_x_1_y_1
I 2
C 200
RECT 100968, 102804, 101613, 103449
RECT 100968, 103449, 101315, 103647
RECT 101613, 102804, 101786, 103201
RECT 101315, 103449, 101464, 103573
RECT 101786, 102804, 101836, 103077
RECT 101613, 103201, 101712, 103325
RECT 100968, 103647, 101141, 103697
RECT 101464, 103449, 101563, 103498
RECT 101836, 102804, 101861, 102977
RECT 101613, 103325, 101662, 103399
RECT 101141, 103647, 101241, 103672
RECT 101315, 103573, 101365, 103622
RECT 101712, 103201, 101737, 103300
RECT 101786, 103077, 101811, 103151
RECT 101365, 103573, 101414, 103598
RECT 101464, 103498, 101489, 103548
RECT 101737, 103201, 101762, 103250
RECT 101489, 103498, 101513, 103523
RECT 101563, 103449, 101588, 103473
RECT 101613, 103399, 101637, 103424
RECT 101662, 103325, 101687, 103349
END


D square_v1.02_d1800_x_1_y_0, 1836, 1836, 1, 54
I 2
C 200
RECT 100968, 1824, 101613, 2469
RECT 100968, 3015, 101613, 3660
RECT 100968, 2469, 101315, 2667
RECT 100968, 2816, 101315, 3015
RECT 101613, 1824, 101786, 2221
RECT 101613, 3263, 101786, 3660
RECT 101315, 2469, 101464, 2593
RECT 101315, 2890, 101464, 3015
RECT 101786, 1824, 101836, 2097
RECT 101786, 3387, 101836, 3660
RECT 101613, 2221, 101712, 2345
RECT 101613, 3139, 101712, 3263
RECT 100968, 2667, 101141, 2717
RECT 100968, 2766, 101141, 2816
RECT 101464, 2469, 101563, 2518
RECT 101464, 2965, 101563, 3015
RECT 101836, 1824, 101861, 1997
RECT 101836, 3486, 101861, 3660
RECT 101613, 2345, 101662, 2419
RECT 101613, 3064, 101662, 3139
RECT 101141, 2667, 101241, 2692
RECT 101141, 2791, 101241, 2816
RECT 101315, 2593, 101365, 2642
RECT 101315, 2841, 101365, 2890
RECT 101712, 2221, 101737, 2320
RECT 101712, 3163, 101737, 3263
RECT 101786, 2097, 101811, 2171
RECT 101786, 3312, 101811, 3387
RECT 101365, 2593, 101414, 2618
RECT 101365, 2866, 101414, 2890
RECT 101464, 2518, 101489, 2568
RECT 101464, 2915, 101489, 2965
RECT 101737, 2221, 101762, 2270
RECT 101737, 3213, 101762, 3263
RECT 101489, 2518, 101513, 2543
RECT 101489, 2940, 101513, 2965
RECT 101563, 2469, 101588, 2493
RECT 101563, 2990, 101588, 3015
RECT 101613, 2419, 101637, 2444
RECT 101613, 3039, 101637, 3064
RECT 101662, 2345, 101687, 2369
RECT 101662, 3114, 101687, 3139
END


D square_v1.02_d1800_x_1_y_-1
I 2
C 200
RECT 100968, 3015, 101613, 3660
RECT 100968, 2816, 101315, 3015
RECT 101613, 3263, 101786, 3660
RECT 101315, 2890, 101464, 3015
RECT 101786, 3387, 101836, 3660
RECT 101613, 3139, 101712, 3263
RECT 100968, 2766, 101141, 2816
RECT 101464, 2965, 101563, 3015
RECT 101836, 3486, 101861, 3660
RECT 101613, 3064, 101662, 3139
RECT 101141, 2791, 101241, 2816
RECT 101315, 2841, 101365, 2890
RECT 101712, 3163, 101737, 3263
RECT 101786, 3312, 101811, 3387
RECT 101365, 2866, 101414, 2890
RECT 101464, 2915, 101489, 2965
RECT 101737, 3213, 101762, 3263
RECT 101489, 2940, 101513, 2965
RECT 101563, 2990, 101588, 3015
RECT 101613, 3039, 101637, 3064
RECT 101662, 3114, 101687, 3139
END


D square_v1.02_d1800_x_0_y_1, 1836, 1836, 54, 1
I 2
C 200
RECT 1824, 100968, 2469, 101613
RECT 3015, 100968, 3660, 101613
RECT 1824, 101613, 2171, 101811
RECT 2469, 100968, 2642, 101365
RECT 2816, 100968, 3015, 101315
RECT 3263, 101613, 3660, 101786
RECT 2171, 101613, 2320, 101737
RECT 2890, 101315, 3015, 101464
RECT 2642, 100968, 2692, 101241
RECT 3387, 101786, 3660, 101836
RECT 2469, 101365, 2568, 101489
RECT 3139, 101613, 3263, 101712
RECT 1824, 101811, 1997, 101861
RECT 2766, 100968, 2816, 101141
RECT 2320, 101613, 2419, 101662
RECT 2965, 101464, 3015, 101563
RECT 2692, 100968, 2717, 101141
RECT 3486, 101836, 3660, 101861
RECT 2469, 101489, 2518, 101563
RECT 3064, 101613, 3139, 101662
RECT 1997, 101811, 2097, 101836
RECT 2171, 101737, 2221, 101786
RECT 2568, 101365, 2593, 101464
RECT 2791, 101141, 2816, 101241
RECT 2841, 101315, 2890, 101365
RECT 3163, 101712, 3263, 101737
RECT 2642, 101241, 2667, 101315
RECT 3312, 101786, 3387, 101811
RECT 2221, 101737, 2270, 101762
RECT 2320, 101662, 2345, 101712
RECT 2593, 101365, 2618, 101414
RECT 2866, 101365, 2890, 101414
RECT 2915, 101464, 2965, 101489
RECT 3213, 101737, 3263, 101762
RECT 2345, 101662, 2369, 101687
RECT 2419, 101613, 2444, 101637
RECT 2469, 101563, 2493, 101588
RECT 2518, 101489, 2543, 101513
RECT 2940, 101489, 2965, 101513
RECT 2990, 101563, 3015, 101588
RECT 3039, 101613, 3064, 101637
RECT 3114, 101662, 3139, 101687
END


D square_v1.02_d1800_x_0_y_0, 1836, 1836, 54, 54
I 2
C 200
RECT 1824, 1824, 2469, 2469
RECT 1824, 3015, 2469, 3660
RECT 3015, 1824, 3660, 2469
RECT 3015, 3015, 3660, 3660
RECT 1824, 2469, 2171, 2667
RECT 1824, 2816, 2171, 3015
RECT 2469, 1824, 2642, 2221
RECT 2469, 3263, 2642, 3660
RECT 2816, 1824, 3015, 2171
RECT 2816, 3312, 3015, 3660
RECT 3263, 2469, 3660, 2642
RECT 3263, 2841, 3660, 3015
RECT 2171, 2469, 2320, 2593
RECT 2171, 2890, 2320, 3015
RECT 2890, 2171, 3015, 2320
RECT 2890, 3163, 3015, 3312
RECT 2642, 1824, 2692, 2097
RECT 2642, 3387, 2692, 3660
RECT 3387, 2642, 3660, 2692
RECT 3387, 2791, 3660, 2841
RECT 2469, 2221, 2568, 2345
RECT 2469, 3139, 2568, 3263
RECT 3139, 2469, 3263, 2568
RECT 3139, 2915, 3263, 3015
RECT 1824, 2667, 1997, 2717
RECT 1824, 2766, 1997, 2816
RECT 2766, 1824, 2816, 1997
RECT 2766, 3486, 2816, 3660
RECT 2320, 2469, 2419, 2518
RECT 2320, 2965, 2419, 3015
RECT 2965, 2320, 3015, 2419
RECT 2965, 3064, 3015, 3163
RECT 2692, 1824, 2717, 1997
RECT 2692, 3486, 2717, 3660
RECT 3486, 2692, 3660, 2717
RECT 3486, 2766, 3660, 2791
RECT 2469, 2345, 2518, 2419
RECT 2469, 3064, 2518, 3139
RECT 3064, 2469, 3139, 2518
RECT 3064, 2965, 3139, 3015
RECT 1997, 2667, 2097, 2692
RECT 1997, 2791, 2097, 2816
RECT 2171, 2593, 2221, 2642
RECT 2171, 2841, 2221, 2890
RECT 2568, 2221, 2593, 2320
RECT 2568, 3163, 2593, 3263
RECT 2791, 1997, 2816, 2097
RECT 2791, 3387, 2816, 3486
RECT 2841, 2171, 2890, 2221
RECT 2841, 3263, 2890, 3312
RECT 3163, 2568, 3263, 2593
RECT 3163, 2890, 3263, 2915
RECT 2642, 2097, 2667, 2171
RECT 2642, 3312, 2667, 3387
RECT 3312, 2642, 3387, 2667
RECT 3312, 2816, 3387, 2841
RECT 2221, 2593, 2270, 2618
RECT 2221, 2866, 2270, 2890
RECT 2320, 2518, 2345, 2568
RECT 2320, 2915, 2345, 2965
RECT 2593, 2221, 2618, 2270
RECT 2593, 3213, 2618, 3263
RECT 2866, 2221, 2890, 2270
RECT 2866, 3213, 2890, 3263
RECT 2915, 2320, 2965, 2345
RECT 2915, 3139, 2965, 3163
RECT 3213, 2593, 3263, 2618
RECT 3213, 2866, 3263, 2890
RECT 2345, 2518, 2369, 2543
RECT 2345, 2940, 2369, 2965
RECT 2419, 2469, 2444, 2493
RECT 2419, 2990, 2444, 3015
RECT 2469, 2419, 2493, 2444
RECT 2469, 3039, 2493, 3064
RECT 2518, 2345, 2543, 2369
RECT 2518, 3114, 2543, 3139
RECT 2940, 2345, 2965, 2369
RECT 2940, 3114, 2965, 3139
RECT 2990, 2419, 3015, 2444
RECT 2990, 3039, 3015, 3064
RECT 3039, 2469, 3064, 2493
RECT 3039, 2990, 3064, 3015
RECT 3114, 2518, 3139, 2543
RECT 3114, 2940, 3139, 2965
END


D square_v1.02_d1800_x_0_y_-1, 1836, 1836, 54, 1
I 2
C 200
RECT 1824, 1179, 2469, 1824
RECT 3015, 1179, 3660, 1824
RECT 1824, 980, 2171, 1179
RECT 2469, 1427, 2642, 1824
RECT 2816, 1476, 3015, 1824
RECT 3263, 1005, 3660, 1179
RECT 2171, 1054, 2320, 1179
RECT 2890, 1327, 3015, 1476
RECT 2642, 1551, 2692, 1824
RECT 3387, 955, 3660, 1005
RECT 2469, 1303, 2568, 1427
RECT 3139, 1079, 3263, 1179
RECT 1824, 930, 1997, 980
RECT 2766, 1650, 2816, 1824
RECT 2320, 1129, 2419, 1179
RECT 2965, 1228, 3015, 1327
RECT 2692, 1650, 2717, 1824
RECT 3486, 930, 3660, 955
RECT 2469, 1228, 2518, 1303
RECT 3064, 1129, 3139, 1179
RECT 1997, 955, 2097, 980
RECT 2171, 1005, 2221, 1054
RECT 2568, 1327, 2593, 1427
RECT 2791, 1551, 2816, 1650
RECT 2841, 1427, 2890, 1476
RECT 3163, 1054, 3263, 1079
RECT 2642, 1476, 2667, 1551
RECT 3312, 980, 3387, 1005
RECT 2221, 1030, 2270, 1054
RECT 2320, 1079, 2345, 1129
RECT 2593, 1377, 2618, 1427
RECT 2866, 1377, 2890, 1427
RECT 2915, 1303, 2965, 1327
RECT 3213, 1030, 3263, 1054
RECT 2345, 1104, 2369, 1129
RECT 2419, 1154, 2444, 1179
RECT 2469, 1203, 2493, 1228
RECT 2518, 1278, 2543, 1303
RECT 2940, 1278, 2965, 1303
RECT 2990, 1203, 3015, 1228
RECT 3039, 1154, 3064, 1179
RECT 3114, 1104, 3139, 1129
END


D square_v1.02_d1800_x_-1_y_1
I 2
C 200
RECT 1179, 102804, 1824, 103449
RECT 980, 102804, 1179, 103151
RECT 1427, 103449, 1824, 103622
RECT 1054, 103151, 1179, 103300
RECT 1551, 103622, 1824, 103672
RECT 1303, 103449, 1427, 103548
RECT 930, 102804, 980, 102977
RECT 1129, 103300, 1179, 103399
RECT 1650, 103672, 1824, 103697
RECT 1228, 103449, 1303, 103498
RECT 955, 102977, 980, 103077
RECT 1005, 103151, 1054, 103201
RECT 1327, 103548, 1427, 103573
RECT 1476, 103622, 1551, 103647
RECT 1030, 103201, 1054, 103250
RECT 1079, 103300, 1129, 103325
RECT 1377, 103573, 1427, 103598
RECT 1104, 103325, 1129, 103349
RECT 1154, 103399, 1179, 103424
RECT 1203, 103449, 1228, 103473
RECT 1278, 103498, 1303, 103523
END


D square_v1.02_d1800_x_-1_y_0, 1836, 1836, 1, 54
I 2
C 200
RECT 1179, 1824, 1824, 2469
RECT 1179, 3015, 1824, 3660
RECT 980, 1824, 1179, 2171
RECT 980, 3312, 1179, 3660
RECT 1427, 2469, 1824, 2642
RECT 1427, 2841, 1824, 3015
RECT 1054, 2171, 1179, 2320
RECT 1054, 3163, 1179, 3312
RECT 1551, 2642, 1824, 2692
RECT 1551, 2791, 1824, 2841
RECT 1303, 2469, 1427, 2568
RECT 1303, 2915, 1427, 3015
RECT 930, 1824, 980, 1997
RECT 930, 3486, 980, 3660
RECT 1129, 2320, 1179, 2419
RECT 1129, 3064, 1179, 3163
RECT 1650, 2692, 1824, 2717
RECT 1650, 2766, 1824, 2791
RECT 1228, 2469, 1303, 2518
RECT 1228, 2965, 1303, 3015
RECT 955, 1997, 980, 2097
RECT 955, 3387, 980, 3486
RECT 1005, 2171, 1054, 2221
RECT 1005, 3263, 1054, 3312
RECT 1327, 2568, 1427, 2593
RECT 1327, 2890, 1427, 2915
RECT 1476, 2642, 1551, 2667
RECT 1476, 2816, 1551, 2841
RECT 1030, 2221, 1054, 2270
RECT 1030, 3213, 1054, 3263
RECT 1079, 2320, 1129, 2345
RECT 1079, 3139, 1129, 3163
RECT 1377, 2593, 1427, 2618
RECT 1377, 2866, 1427, 2890
RECT 1104, 2345, 1129, 2369
RECT 1104, 3114, 1129, 3139
RECT 1154, 2419, 1179, 2444
RECT 1154, 3039, 1179, 3064
RECT 1203, 2469, 1228, 2493
RECT 1203, 2990, 1228, 3015
RECT 1278, 2518, 1303, 2543
RECT 1278, 2940, 1303, 2965
END


D square_v1.02_d1800_x_-1_y_-1
I 2
C 200
RECT 1179, 3015, 1824, 3660
RECT 980, 3312, 1179, 3660
RECT 1427, 2841, 1824, 3015
RECT 1054, 3163, 1179, 3312
RECT 1551, 2791, 1824, 2841
RECT 1303, 2915, 1427, 3015
RECT 930, 3486, 980, 3660
RECT 1129, 3064, 1179, 3163
RECT 1650, 2766, 1824, 2791
RECT 1228, 2965, 1303, 3015
RECT 955, 3387, 980, 3486
RECT 1005, 3263, 1054, 3312
RECT 1327, 2890, 1427, 2915
RECT 1476, 2816, 1551, 2841
RECT 1030, 3213, 1054, 3263
RECT 1079, 3139, 1129, 3163
RECT 1377, 2866, 1427, 2890
RECT 1104, 3114, 1129, 3139
RECT 1154, 3039, 1179, 3064
RECT 1203, 2990, 1228, 3015
RECT 1278, 2940, 1303, 2965
END





D square_v1.02_d2100_x_1_y_1
I 2
C 200
RECT 100662, 102804, 101409, 103551
RECT 100662, 103551, 101085, 103775
RECT 101409, 102804, 101633, 103227
RECT 101085, 103551, 101234, 103700
RECT 101409, 103227, 101508, 103451
RECT 100662, 103775, 100960, 103825
RECT 101633, 102804, 101683, 103102
RECT 101234, 103551, 101309, 103650
RECT 101508, 103227, 101558, 103376
RECT 100662, 103825, 100836, 103850
RECT 101683, 102804, 101708, 102978
RECT 101085, 103700, 101135, 103750
RECT 101309, 103551, 101359, 103601
RECT 101409, 103451, 101459, 103501
RECT 101558, 103227, 101583, 103327
RECT 100960, 103775, 101035, 103800
RECT 101633, 103102, 101658, 103177
RECT 101135, 103700, 101185, 103725
RECT 101583, 103227, 101608, 103277
RECT 101234, 103650, 101259, 103675
RECT 101309, 103601, 101334, 103625
RECT 101359, 103551, 101384, 103576
RECT 101409, 103501, 101434, 103526
RECT 101459, 103451, 101483, 103476
RECT 101508, 103376, 101533, 103401
END


D square_v1.02_d2100_x_1_y_0, 2142, 2142, 1, 46
I 2
C 200
RECT 100662, 2130, 101409, 2877
RECT 100662, 3524, 101409, 4272
RECT 100662, 2877, 101085, 3101
RECT 100662, 3300, 101085, 3524
RECT 101409, 2130, 101633, 2553
RECT 101409, 3848, 101633, 4272
RECT 101085, 2877, 101234, 3026
RECT 101085, 3375, 101234, 3524
RECT 101409, 2553, 101508, 2777
RECT 101409, 3624, 101508, 3848
RECT 100662, 3101, 100960, 3151
RECT 100662, 3250, 100960, 3300
RECT 101633, 2130, 101683, 2428
RECT 101633, 3973, 101683, 4272
RECT 101234, 2877, 101309, 2976
RECT 101234, 3425, 101309, 3524
RECT 101508, 2553, 101558, 2702
RECT 101508, 3699, 101558, 3848
RECT 100662, 3151, 100836, 3176
RECT 100662, 3225, 100836, 3250
RECT 101683, 2130, 101708, 2304
RECT 101683, 4097, 101708, 4272
RECT 101085, 3026, 101135, 3076
RECT 101085, 3325, 101135, 3375
RECT 101309, 2877, 101359, 2927
RECT 101309, 3475, 101359, 3524
RECT 101409, 2777, 101459, 2827
RECT 101409, 3574, 101459, 3624
RECT 101558, 2553, 101583, 2653
RECT 101558, 3748, 101583, 3848
RECT 100960, 3101, 101035, 3126
RECT 100960, 3275, 101035, 3300
RECT 101633, 2428, 101658, 2503
RECT 101633, 3898, 101658, 3973
RECT 101135, 3026, 101185, 3051
RECT 101135, 3350, 101185, 3375
RECT 101583, 2553, 101608, 2603
RECT 101583, 3798, 101608, 3848
RECT 101234, 2976, 101259, 3001
RECT 101234, 3400, 101259, 3425
RECT 101309, 2927, 101334, 2951
RECT 101309, 3450, 101334, 3475
RECT 101359, 2877, 101384, 2902
RECT 101359, 3499, 101384, 3524
RECT 101409, 2827, 101434, 2852
RECT 101409, 3549, 101434, 3574
RECT 101459, 2777, 101483, 2802
RECT 101459, 3599, 101483, 3624
RECT 101508, 2702, 101533, 2727
RECT 101508, 3674, 101533, 3699
END


D square_v1.02_d2100_x_1_y_-1
I 2
C 200
RECT 100662, 3524, 101409, 4272
RECT 100662, 3300, 101085, 3524
RECT 101409, 3848, 101633, 4272
RECT 101085, 3375, 101234, 3524
RECT 101409, 3624, 101508, 3848
RECT 100662, 3250, 100960, 3300
RECT 101633, 3973, 101683, 4272
RECT 101234, 3425, 101309, 3524
RECT 101508, 3699, 101558, 3848
RECT 100662, 3225, 100836, 3250
RECT 101683, 4097, 101708, 4272
RECT 101085, 3325, 101135, 3375
RECT 101309, 3475, 101359, 3524
RECT 101409, 3574, 101459, 3624
RECT 101558, 3748, 101583, 3848
RECT 100960, 3275, 101035, 3300
RECT 101633, 3898, 101658, 3973
RECT 101135, 3350, 101185, 3375
RECT 101583, 3798, 101608, 3848
RECT 101234, 3400, 101259, 3425
RECT 101309, 3450, 101334, 3475
RECT 101359, 3499, 101384, 3524
RECT 101409, 3549, 101434, 3574
RECT 101459, 3599, 101483, 3624
RECT 101508, 3674, 101533, 3699
END


D square_v1.02_d2100_x_0_y_1, 2142, 2142, 46, 1
I 2
C 200
RECT 2130, 100662, 2877, 101409
RECT 3524, 100662, 4272, 101409
RECT 2130, 101409, 2553, 101633
RECT 2877, 100662, 3101, 101085
RECT 3300, 100662, 3524, 101085
RECT 3848, 101409, 4272, 101633
RECT 2553, 101409, 2702, 101558
RECT 2877, 101085, 2976, 101309
RECT 3375, 101085, 3524, 101234
RECT 3624, 101409, 3848, 101508
RECT 2130, 101633, 2428, 101683
RECT 3101, 100662, 3151, 100960
RECT 3250, 100662, 3300, 100960
RECT 3973, 101633, 4272, 101683
RECT 2702, 101409, 2777, 101508
RECT 2976, 101085, 3026, 101234
RECT 3425, 101234, 3524, 101309
RECT 3699, 101508, 3848, 101558
RECT 2130, 101683, 2304, 101708
RECT 3151, 100662, 3176, 100836
RECT 3225, 100662, 3250, 100836
RECT 4097, 101683, 4272, 101708
RECT 2553, 101558, 2603, 101608
RECT 2777, 101409, 2827, 101459
RECT 2877, 101309, 2927, 101359
RECT 3026, 101085, 3051, 101185
RECT 3325, 101085, 3375, 101135
RECT 3475, 101309, 3524, 101359
RECT 3574, 101409, 3624, 101459
RECT 3748, 101558, 3848, 101583
RECT 2428, 101633, 2503, 101658
RECT 3101, 100960, 3126, 101035
RECT 3275, 100960, 3300, 101035
RECT 3898, 101633, 3973, 101658
RECT 2603, 101558, 2653, 101583
RECT 3051, 101085, 3076, 101135
RECT 3350, 101135, 3375, 101185
RECT 3798, 101583, 3848, 101608
RECT 2702, 101508, 2727, 101533
RECT 2777, 101459, 2802, 101483
RECT 2827, 101409, 2852, 101434
RECT 2877, 101359, 2902, 101384
RECT 2927, 101309, 2951, 101334
RECT 2976, 101234, 3001, 101259
RECT 3400, 101234, 3425, 101259
RECT 3450, 101309, 3475, 101334
RECT 3499, 101359, 3524, 101384
RECT 3549, 101409, 3574, 101434
RECT 3599, 101459, 3624, 101483
RECT 3674, 101508, 3699, 101533
END


D square_v1.02_d2100_x_0_y_0, 2142, 2142, 46, 46
I 2
C 200
RECT 2130, 2130, 2877, 2877
RECT 2130, 3524, 2877, 4272
RECT 3524, 2130, 4272, 2877
RECT 3524, 3524, 4272, 4272
RECT 2130, 2877, 2553, 3101
RECT 2130, 3300, 2553, 3524
RECT 2877, 2130, 3101, 2553
RECT 2877, 3848, 3101, 4272
RECT 3300, 2130, 3524, 2553
RECT 3300, 3848, 3524, 4272
RECT 3848, 2877, 4272, 3101
RECT 3848, 3300, 4272, 3524
RECT 2553, 2877, 2702, 3026
RECT 2553, 3375, 2702, 3524
RECT 2877, 2553, 2976, 2777
RECT 2877, 3624, 2976, 3848
RECT 3375, 2553, 3524, 2702
RECT 3375, 3699, 3524, 3848
RECT 3624, 2877, 3848, 2976
RECT 3624, 3425, 3848, 3524
RECT 2130, 3101, 2428, 3151
RECT 2130, 3250, 2428, 3300
RECT 3101, 2130, 3151, 2428
RECT 3101, 3973, 3151, 4272
RECT 3250, 2130, 3300, 2428
RECT 3250, 3973, 3300, 4272
RECT 3973, 3101, 4272, 3151
RECT 3973, 3250, 4272, 3300
RECT 2702, 2877, 2777, 2976
RECT 2702, 3425, 2777, 3524
RECT 2976, 2553, 3026, 2702
RECT 2976, 3699, 3026, 3848
RECT 3425, 2702, 3524, 2777
RECT 3425, 3624, 3524, 3699
RECT 3699, 2976, 3848, 3026
RECT 3699, 3375, 3848, 3425
RECT 2130, 3151, 2304, 3176
RECT 2130, 3225, 2304, 3250
RECT 3151, 2130, 3176, 2304
RECT 3151, 4097, 3176, 4272
RECT 3225, 2130, 3250, 2304
RECT 3225, 4097, 3250, 4272
RECT 4097, 3151, 4272, 3176
RECT 4097, 3225, 4272, 3250
RECT 2553, 3026, 2603, 3076
RECT 2553, 3325, 2603, 3375
RECT 2777, 2877, 2827, 2927
RECT 2777, 3475, 2827, 3524
RECT 2877, 2777, 2927, 2827
RECT 2877, 3574, 2927, 3624
RECT 3026, 2553, 3051, 2653
RECT 3026, 3748, 3051, 3848
RECT 3325, 2553, 3375, 2603
RECT 3325, 3798, 3375, 3848
RECT 3475, 2777, 3524, 2827
RECT 3475, 3574, 3524, 3624
RECT 3574, 2877, 3624, 2927
RECT 3574, 3475, 3624, 3524
RECT 3748, 3026, 3848, 3051
RECT 3748, 3350, 3848, 3375
RECT 2428, 3101, 2503, 3126
RECT 2428, 3275, 2503, 3300
RECT 3101, 2428, 3126, 2503
RECT 3101, 3898, 3126, 3973
RECT 3275, 2428, 3300, 2503
RECT 3275, 3898, 3300, 3973
RECT 3898, 3101, 3973, 3126
RECT 3898, 3275, 3973, 3300
RECT 2603, 3026, 2653, 3051
RECT 2603, 3350, 2653, 3375
RECT 3051, 2553, 3076, 2603
RECT 3051, 3798, 3076, 3848
RECT 3350, 2603, 3375, 2653
RECT 3350, 3748, 3375, 3798
RECT 3798, 3051, 3848, 3076
RECT 3798, 3325, 3848, 3350
RECT 2702, 2976, 2727, 3001
RECT 2702, 3400, 2727, 3425
RECT 2777, 2927, 2802, 2951
RECT 2777, 3450, 2802, 3475
RECT 2827, 2877, 2852, 2902
RECT 2827, 3499, 2852, 3524
RECT 2877, 2827, 2902, 2852
RECT 2877, 3549, 2902, 3574
RECT 2927, 2777, 2951, 2802
RECT 2927, 3599, 2951, 3624
RECT 2976, 2702, 3001, 2727
RECT 2976, 3674, 3001, 3699
RECT 3400, 2702, 3425, 2727
RECT 3400, 3674, 3425, 3699
RECT 3450, 2777, 3475, 2802
RECT 3450, 3599, 3475, 3624
RECT 3499, 2827, 3524, 2852
RECT 3499, 3549, 3524, 3574
