D square_v0.97_d1800_x_1_y_1
I 2
C 200
RECT 103002, 104748, 103650, 105396
RECT 103002, 105396, 103401, 105571
RECT 103650, 104748, 103825, 105147
RECT 103002, 105571, 103276, 105621
RECT 103825, 104748, 103875, 105022
RECT 103401, 105396, 103525, 105496
RECT 103650, 105147, 103750, 105271
RECT 103002, 105621, 103151, 105645
RECT 103875, 104748, 103899, 104897
RECT 103401, 105496, 103450, 105546
RECT 103525, 105396, 103575, 105446
RECT 103650, 105271, 103700, 105321
RECT 103750, 105147, 103800, 105196
RECT 103276, 105571, 103326, 105596
RECT 103825, 105022, 103850, 105072
RECT 103450, 105496, 103475, 105521
RECT 103525, 105446, 103550, 105471
RECT 103575, 105396, 103600, 105421
RECT 103650, 105321, 103675, 105346
RECT 103700, 105271, 103725, 105296
RECT 103750, 105196, 103775, 105221
END


D square_v0.97_d1800_x_1_y_0, 1746, 1746, 1, 57
I 2
C 200
RECT 103002, 3480, 103276, 5226
RECT 103276, 3480, 103750, 4003
RECT 103276, 4702, 103750, 5226
RECT 103276, 4003, 103525, 4228
RECT 103276, 4477, 103525, 4702
RECT 103750, 3480, 103875, 3754
RECT 103750, 4951, 103875, 5226
RECT 103525, 4003, 103650, 4128
RECT 103525, 4577, 103650, 4702
RECT 103276, 4228, 103401, 4303
RECT 103276, 4402, 103401, 4477
RECT 103750, 3754, 103825, 3879
RECT 103750, 4826, 103825, 4951
RECT 103875, 3480, 103899, 3629
RECT 103875, 5076, 103899, 5226
RECT 103401, 4228, 103450, 4278
RECT 103401, 4427, 103450, 4477
RECT 103525, 4128, 103575, 4178
RECT 103525, 4527, 103575, 4577
RECT 103650, 4003, 103700, 4053
RECT 103650, 4652, 103700, 4702
RECT 103750, 3879, 103800, 3928
RECT 103750, 4777, 103800, 4826
RECT 103276, 4303, 103326, 4328
RECT 103276, 4377, 103326, 4402
RECT 103825, 3754, 103850, 3804
RECT 103825, 4901, 103850, 4951
RECT 103450, 4228, 103475, 4253
RECT 103450, 4452, 103475, 4477
RECT 103525, 4178, 103550, 4203
RECT 103525, 4502, 103550, 4527
RECT 103575, 4128, 103600, 4153
RECT 103575, 4552, 103600, 4577
RECT 103650, 4053, 103675, 4078
RECT 103650, 4627, 103675, 4652
RECT 103700, 4003, 103725, 4028
RECT 103700, 4677, 103725, 4702
RECT 103750, 3928, 103775, 3953
RECT 103750, 4752, 103775, 4777
END


D square_v0.97_d1800_x_1_y_-1
I 2
C 200
RECT 103002, 4577, 103650, 5226
RECT 103002, 4402, 103401, 4577
RECT 103650, 4826, 103825, 5226
RECT 103002, 4353, 103276, 4402
RECT 103825, 4951, 103875, 5226
RECT 103401, 4477, 103525, 4577
RECT 103650, 4702, 103750, 4826
RECT 103002, 4328, 103151, 4353
RECT 103875, 5076, 103899, 5226
RECT 103401, 4427, 103450, 4477
RECT 103525, 4527, 103575, 4577
RECT 103650, 4652, 103700, 4702
RECT 103750, 4777, 103800, 4826
RECT 103276, 4377, 103326, 4402
RECT 103825, 4901, 103850, 4951
RECT 103450, 4452, 103475, 4477
RECT 103525, 4502, 103550, 4527
RECT 103575, 4552, 103600, 4577
RECT 103650, 4627, 103675, 4652
RECT 103700, 4677, 103725, 4702
RECT 103750, 4752, 103775, 4777
END


D square_v0.97_d1800_x_0_y_1, 1746, 1746, 57, 1
I 2
C 200
RECT 3480, 103002, 5226, 103276
RECT 3480, 103276, 4003, 103750
RECT 4702, 103276, 5226, 103750
RECT 4003, 103276, 4228, 103525
RECT 4477, 103276, 4702, 103525
RECT 3480, 103750, 3754, 103875
RECT 4951, 103750, 5226, 103875
RECT 4003, 103525, 4128, 103650
RECT 4577, 103525, 4702, 103650
RECT 3754, 103750, 3879, 103825
RECT 4228, 103276, 4303, 103401
RECT 4402, 103276, 4477, 103401
RECT 4826, 103750, 4951, 103825
RECT 3480, 103875, 3629, 103899
RECT 5076, 103875, 5226, 103899
RECT 3879, 103750, 3928, 103800
RECT 4003, 103650, 4053, 103700
RECT 4128, 103525, 4178, 103575
RECT 4228, 103401, 4278, 103450
RECT 4427, 103401, 4477, 103450
RECT 4527, 103525, 4577, 103575
RECT 4652, 103650, 4702, 103700
RECT 4777, 103750, 4826, 103800
RECT 3754, 103825, 3804, 103850
RECT 4303, 103276, 4328, 103326
RECT 4377, 103276, 4402, 103326
RECT 4901, 103825, 4951, 103850
RECT 3928, 103750, 3953, 103775
RECT 4003, 103700, 4028, 103725
RECT 4053, 103650, 4078, 103675
RECT 4128, 103575, 4153, 103600
RECT 4178, 103525, 4203, 103550
RECT 4228, 103450, 4253, 103475
RECT 4452, 103450, 4477, 103475
RECT 4502, 103525, 4527, 103550
RECT 4552, 103575, 4577, 103600
RECT 4627, 103650, 4652, 103675
RECT 4677, 103700, 4702, 103725
RECT 4752, 103750, 4777, 103775
END


D square_v0.97_d1800_x_0_y_0, 1746, 1746, 57, 57
I 2
C 200
RECT 3480, 3480, 3754, 5226
RECT 4951, 3480, 5226, 5226
RECT 3754, 3480, 4951, 3754
RECT 3754, 4951, 4951, 5226
RECT 3754, 3754, 4128, 4128
RECT 3754, 4577, 4128, 4951
RECT 4577, 3754, 4951, 4128
RECT 4577, 4577, 4951, 4951
RECT 3754, 4128, 3928, 4278
RECT 3754, 4427, 3928, 4577
RECT 4128, 3754, 4278, 3928
RECT 4128, 4777, 4278, 4951
RECT 4427, 3754, 4577, 3928
RECT 4427, 4777, 4577, 4951
RECT 4777, 4128, 4951, 4278
RECT 4777, 4427, 4951, 4577
RECT 3928, 4128, 4003, 4228
RECT 3928, 4477, 4003, 4577
RECT 4128, 3928, 4203, 4028
RECT 4128, 4677, 4203, 4777
RECT 4477, 3928, 4577, 4003
RECT 4477, 4702, 4577, 4777
RECT 4677, 4128, 4777, 4203
RECT 4677, 4502, 4777, 4577
RECT 3754, 4278, 3879, 4303
RECT 3754, 4402, 3879, 4427
RECT 4278, 3754, 4303, 3879
RECT 4278, 4826, 4303, 4951
RECT 4402, 3754, 4427, 3879
RECT 4402, 4826, 4427, 4951
RECT 4826, 4278, 4951, 4303
RECT 4826, 4402, 4951, 4427
RECT 4003, 4128, 4053, 4178
RECT 4003, 4527, 4053, 4577
RECT 4527, 4003, 4577, 4053
RECT 4527, 4652, 4577, 4702
RECT 4203, 3928, 4228, 4003
RECT 4203, 4702, 4228, 4777
RECT 4702, 4203, 4777, 4228
RECT 4702, 4477, 4777, 4502
RECT 3754, 4303, 3804, 4328
RECT 3754, 4377, 3804, 4402
RECT 4128, 4028, 4153, 4078
RECT 4128, 4627, 4153, 4677
RECT 4303, 3754, 4328, 3804
RECT 4303, 4901, 4328, 4951
RECT 4377, 3754, 4402, 3804
RECT 4377, 4901, 4402, 4951
RECT 4627, 4128, 4677, 4153
RECT 4627, 4552, 4677, 4577
RECT 4901, 4303, 4951, 4328
RECT 4901, 4377, 4951, 4402
RECT 3928, 4228, 3953, 4253
RECT 3928, 4452, 3953, 4477
RECT 4003, 4178, 4028, 4203
RECT 4003, 4502, 4028, 4527
RECT 4053, 4128, 4078, 4153
RECT 4053, 4552, 4078, 4577
RECT 4153, 4028, 4178, 4053
RECT 4153, 4652, 4178, 4677
RECT 4228, 3928, 4253, 3953
RECT 4228, 4752, 4253, 4777
RECT 4452, 3928, 4477, 3953
RECT 4452, 4752, 4477, 4777
RECT 4502, 4003, 4527, 4028
RECT 4502, 4677, 4527, 4702
RECT 4552, 4053, 4577, 4078
RECT 4552, 4627, 4577, 4652
RECT 4652, 4153, 4677, 4178
RECT 4652, 4527, 4677, 4552
RECT 4752, 4228, 4777, 4253
RECT 4752, 4452, 4777, 4477
END


D square_v0.97_d1800_x_0_y_-1, 1746, 1746, 57, 1
I 2
C 200
RECT 3480, 3205, 5226, 3480
RECT 3480, 2731, 4003, 3205
RECT 4702, 2731, 5226, 3205
RECT 4003, 2956, 4228, 3205
RECT 4477, 2956, 4702, 3205
RECT 3480, 2607, 3754, 2731
RECT 4951, 2607, 5226, 2731
RECT 4003, 2831, 4128, 2956
RECT 4577, 2831, 4702, 2956
RECT 3754, 2656, 3879, 2731
RECT 4228, 3080, 4303, 3205
RECT 4402, 3080, 4477, 3205
RECT 4826, 2656, 4951, 2731
RECT 3480, 2582, 3629, 2607
RECT 5076, 2582, 5226, 2607
RECT 3879, 2681, 3928, 2731
RECT 4003, 2781, 4053, 2831
RECT 4128, 2906, 4178, 2956
RECT 4228, 3031, 4278, 3080
RECT 4427, 3031, 4477, 3080
RECT 4527, 2906, 4577, 2956
RECT 4652, 2781, 4702, 2831
RECT 4777, 2681, 4826, 2731
RECT 3754, 2631, 3804, 2656
RECT 4303, 3155, 4328, 3205
RECT 4377, 3155, 4402, 3205
RECT 4901, 2631, 4951, 2656
RECT 3928, 2706, 3953, 2731
RECT 4003, 2756, 4028, 2781
RECT 4053, 2806, 4078, 2831
RECT 4128, 2881, 4153, 2906
RECT 4178, 2931, 4203, 2956
RECT 4228, 3006, 4253, 3031
RECT 4452, 3006, 4477, 3031
RECT 4502, 2931, 4527, 2956
RECT 4552, 2881, 4577, 2906
RECT 4627, 2806, 4652, 2831
RECT 4677, 2756, 4702, 2781
RECT 4752, 2706, 4777, 2731
END


D square_v0.97_d1800_x_-1_y_1
I 2
C 200
RECT 2831, 104748, 3480, 105396
RECT 2656, 104748, 2831, 105147
RECT 3080, 105396, 3480, 105571
RECT 2607, 104748, 2656, 105022
RECT 3205, 105571, 3480, 105621
RECT 2731, 105147, 2831, 105271
RECT 2956, 105396, 3080, 105496
RECT 2582, 104748, 2607, 104897
RECT 3330, 105621, 3480, 105645
RECT 2681, 105147, 2731, 105196
RECT 2781, 105271, 2831, 105321
RECT 2906, 105396, 2956, 105446
RECT 3031, 105496, 3080, 105546
RECT 2631, 105022, 2656, 105072
RECT 3155, 105571, 3205, 105596
RECT 2706, 105196, 2731, 105221
RECT 2756, 105271, 2781, 105296
RECT 2806, 105321, 2831, 105346
RECT 2881, 105396, 2906, 105421
RECT 2931, 105446, 2956, 105471
RECT 3006, 105496, 3031, 105521
END


D square_v0.97_d1800_x_-1_y_0, 1746, 1746, 1, 57
I 2
C 200
RECT 3205, 3480, 3480, 5226
RECT 2731, 3480, 3205, 4003
RECT 2731, 4702, 3205, 5226
RECT 2956, 4003, 3205, 4228
RECT 2956, 4477, 3205, 4702
RECT 2607, 3480, 2731, 3754
RECT 2607, 4951, 2731, 5226
RECT 2831, 4003, 2956, 4128
RECT 2831, 4577, 2956, 4702
RECT 2656, 3754, 2731, 3879
RECT 2656, 4826, 2731, 4951
RECT 3080, 4228, 3205, 4303
RECT 3080, 4402, 3205, 4477
RECT 2582, 3480, 2607, 3629
RECT 2582, 5076, 2607, 5226
RECT 2681, 3879, 2731, 3928
RECT 2681, 4777, 2731, 4826
RECT 2781, 4003, 2831, 4053
RECT 2781, 4652, 2831, 4702
RECT 2906, 4128, 2956, 4178
RECT 2906, 4527, 2956, 4577
RECT 3031, 4228, 3080, 4278
RECT 3031, 4427, 3080, 4477
RECT 2631, 3754, 2656, 3804
RECT 2631, 4901, 2656, 4951
RECT 3155, 4303, 3205, 4328
RECT 3155, 4377, 3205, 4402
RECT 2706, 3928, 2731, 3953
RECT 2706, 4752, 2731, 4777
RECT 2756, 4003, 2781, 4028
RECT 2756, 4677, 2781, 4702
RECT 2806, 4053, 2831, 4078
RECT 2806, 4627, 2831, 4652
RECT 2881, 4128, 2906, 4153
RECT 2881, 4552, 2906, 4577
RECT 2931, 4178, 2956, 4203
RECT 2931, 4502, 2956, 4527
RECT 3006, 4228, 3031, 4253
RECT 3006, 4452, 3031, 4477
END


D square_v0.97_d1800_x_-1_y_-1
I 2
C 200
RECT 2831, 4577, 3480, 5226
RECT 2656, 4826, 2831, 5226
RECT 3080, 4402, 3480, 4577
RECT 2607, 4951, 2656, 5226
RECT 3205, 4353, 3480, 4402
RECT 2731, 4702, 2831, 4826
RECT 2956, 4477, 3080, 4577
RECT 2582, 5076, 2607, 5226
RECT 3330, 4328, 3480, 4353
RECT 2681, 4777, 2731, 4826
RECT 2781, 4652, 2831, 4702
RECT 2906, 4527, 2956, 4577
RECT 3031, 4427, 3080, 4477
RECT 2631, 4901, 2656, 4951
RECT 3155, 4377, 3205, 4402
RECT 2706, 4752, 2731, 4777
RECT 2756, 4677, 2781, 4702
RECT 2806, 4627, 2831, 4652
RECT 2881, 4552, 2906, 4577
RECT 2931, 4502, 2956, 4527
RECT 3006, 4452, 3031, 4477
END





D square_v0.97_d2100_x_1_y_1
I 2
C 200
RECT 103875, 105912, 104620, 106657
RECT 103875, 106657, 104297, 106880
RECT 104620, 105912, 104843, 106334
RECT 104297, 106657, 104446, 106806
RECT 104620, 106334, 104719, 106557
RECT 103875, 106880, 104073, 106955
RECT 104843, 105912, 104893, 106210
RECT 104446, 106657, 104520, 106756
RECT 104719, 106334, 104769, 106483
RECT 104073, 106880, 104173, 106930
RECT 104893, 105912, 104918, 106110
RECT 104297, 106806, 104347, 106856
RECT 104520, 106657, 104570, 106707
RECT 104620, 106557, 104670, 106607
RECT 104769, 106334, 104794, 106433
RECT 104173, 106880, 104247, 106905
RECT 104843, 106210, 104868, 106284
RECT 104347, 106806, 104396, 106831
RECT 104794, 106334, 104819, 106384
RECT 104446, 106756, 104471, 106781
RECT 104520, 106707, 104545, 106731
RECT 104570, 106657, 104595, 106682
RECT 104620, 106607, 104645, 106632
RECT 104670, 106557, 104694, 106582
RECT 104719, 106483, 104744, 106508
END


D square_v0.97_d2100_x_1_y_0, 2037, 2037, 1, 49
I 2
C 200
RECT 103875, 4062, 104173, 6099
RECT 104173, 4062, 104719, 4707
RECT 104173, 5453, 104719, 6099
RECT 104173, 4707, 104520, 4906
RECT 104173, 5254, 104520, 5453
RECT 104719, 4062, 104868, 4434
RECT 104719, 5726, 104868, 6099
RECT 104173, 4906, 104347, 5006
RECT 104173, 5155, 104347, 5254
RECT 104719, 4434, 104794, 4583
RECT 104719, 5577, 104794, 5726
RECT 104520, 4707, 104620, 4807
RECT 104520, 5353, 104620, 5453
RECT 104868, 4062, 104918, 4260
RECT 104868, 5900, 104918, 6099
RECT 104347, 4906, 104446, 4956
RECT 104347, 5204, 104446, 5254
RECT 104173, 5006, 104247, 5055
RECT 104173, 5105, 104247, 5155
RECT 104520, 4807, 104570, 4857
RECT 104520, 5304, 104570, 5353
RECT 104620, 4707, 104670, 4757
RECT 104620, 5403, 104670, 5453
RECT 104719, 4583, 104769, 4633
RECT 104719, 5527, 104769, 5577
RECT 104794, 4434, 104819, 4534
RECT 104794, 5627, 104819, 5726
RECT 104868, 4260, 104893, 4360
RECT 104868, 5800, 104893, 5900
RECT 104247, 5006, 104297, 5030
RECT 104247, 5130, 104297, 5155
RECT 104347, 4956, 104396, 4981
RECT 104347, 5179, 104396, 5204
RECT 104819, 4434, 104843, 4484
RECT 104819, 5676, 104843, 5726
RECT 104446, 4906, 104471, 4931
RECT 104446, 5229, 104471, 5254
RECT 104520, 4857, 104545, 4881
RECT 104520, 5279, 104545, 5304
RECT 104570, 4807, 104595, 4832
RECT 104570, 5328, 104595, 5353
RECT 104620, 4757, 104645, 4782
RECT 104620, 5378, 104645, 5403
RECT 104670, 4707, 104694, 4732
RECT 104670, 5428, 104694, 5453
RECT 104719, 4633, 104744, 4658
RECT 104719, 5502, 104744, 5527
END


D square_v0.97_d2100_x_1_y_-1
I 2
C 200
RECT 103875, 5353, 104620, 6099
RECT 103875, 5130, 104297, 5353
RECT 104620, 5676, 104843, 6099
RECT 104297, 5204, 104446, 5353
RECT 104620, 5453, 104719, 5676
RECT 103875, 5055, 104073, 5130
RECT 104843, 5800, 104893, 6099
RECT 104446, 5254, 104520, 5353
RECT 104719, 5527, 104769, 5676
RECT 104073, 5080, 104173, 5130
RECT 104893, 5900, 104918, 6099
RECT 104297, 5155, 104347, 5204
RECT 104520, 5304, 104570, 5353
RECT 104620, 5403, 104670, 5453
RECT 104769, 5577, 104794, 5676
RECT 104173, 5105, 104247, 5130
RECT 104843, 5726, 104868, 5800
RECT 104347, 5179, 104396, 5204
RECT 104794, 5627, 104819, 5676
RECT 104446, 5229, 104471, 5254
RECT 104520, 5279, 104545, 5304
RECT 104570, 5328, 104595, 5353
RECT 104620, 5378, 104645, 5403
RECT 104670, 5428, 104694, 5453
RECT 104719, 5502, 104744, 5527
END


D square_v0.97_d2100_x_0_y_1, 2037, 2037, 49, 1
I 2
C 200
RECT 4062, 103875, 6099, 104173
RECT 4062, 104173, 4707, 104719
RECT 5453, 104173, 6099, 104719
RECT 4707, 104173, 4906, 104520
RECT 5254, 104173, 5453, 104520
RECT 4062, 104719, 4434, 104868
RECT 5726, 104719, 6099, 104868
RECT 4906, 104173, 5006, 104347
RECT 5155, 104173, 5254, 104347
RECT 4434, 104719, 4583, 104794
RECT 5577, 104719, 5726, 104794
RECT 4062, 104868, 4260, 104918
RECT 4707, 104520, 4807, 104620
RECT 5353, 104520, 5453, 104620
RECT 5900, 104868, 6099, 104918
RECT 4906, 104347, 4956, 104446
RECT 5204, 104347, 5254, 104446
RECT 5006, 104173, 5055, 104247
RECT 5105, 104173, 5155, 104247
RECT 4260, 104868, 4360, 104893
RECT 4434, 104794, 4484, 104843
RECT 4583, 104719, 4633, 104769
RECT 4707, 104620, 4757, 104670
RECT 4807, 104520, 4857, 104570
RECT 5304, 104520, 5353, 104570
RECT 5403, 104620, 5453, 104670
RECT 5527, 104719, 5577, 104769
RECT 5627, 104794, 5726, 104819
RECT 5800, 104868, 5900, 104893
RECT 4484, 104794, 4534, 104819
RECT 4956, 104347, 4981, 104396
RECT 5006, 104247, 5030, 104297
RECT 5130, 104247, 5155, 104297
RECT 5179, 104347, 5204, 104396
RECT 5676, 104819, 5726, 104843
RECT 4633, 104719, 4658, 104744
RECT 4707, 104670, 4732, 104694
RECT 4757, 104620, 4782, 104645
RECT 4807, 104570, 4832, 104595
RECT 4857, 104520, 4881, 104545
RECT 4906, 104446, 4931, 104471
RECT 5229, 104446, 5254, 104471
RECT 5279, 104520, 5304, 104545
RECT 5328, 104570, 5353, 104595
RECT 5378, 104620, 5403, 104645
RECT 5428, 104670, 5453, 104694
RECT 5502, 104719, 5527, 104744
END


D square_v0.97_d2100_x_0_y_0, 2037, 2037, 49, 49
I 2
C 200
RECT 4062, 4062, 4360, 6099
RECT 5800, 4062, 6099, 6099
RECT 4360, 4062, 5800, 4360
RECT 4360, 5800, 5800, 6099
RECT 4360, 4360, 4807, 4807
RECT 4360, 5353, 4807, 5800
RECT 5353, 4360, 5800, 4807
RECT 5353, 5353, 5800, 5800
RECT 4360, 4807, 4633, 4956
RECT 4360, 5204, 4633, 5353
RECT 4807, 4360, 4956, 4633
RECT 4807, 5527, 4956, 5800
RECT 5204, 4360, 5353, 4633
RECT 5204, 5527, 5353, 5800
RECT 5527, 4807, 5800, 4956
RECT 5527, 5204, 5800, 5353
RECT 4360, 4956, 4484, 5030
RECT 4360, 5130, 4484, 5204
RECT 4956, 4360, 5030, 4484
RECT 4956, 5676, 5030, 5800
RECT 5130, 4360, 5204, 4484
RECT 5130, 5676, 5204, 5800
RECT 5676, 4956, 5800, 5030
RECT 5676, 5130, 5800, 5204
RECT 4633, 4807, 4707, 4906
RECT 4633, 5254, 4707, 5353
RECT 4807, 4633, 4881, 4732
RECT 4807, 5428, 4881, 5527
RECT 5254, 4633, 5353, 4707
RECT 5254, 5453, 5353, 5527
RECT 5428, 4807, 5527, 4881
RECT 5428, 5279, 5527, 5353
RECT 4484, 4956, 4534, 5006
RECT 4484, 5155, 4534, 5204
RECT 4707, 4807, 4757, 4857
RECT 4707, 5304, 4757, 5353
RECT 4956, 4484, 4981, 4583
RECT 4956, 5577, 4981, 5676
RECT 5155, 4484, 5204, 4534
RECT 5155, 5627, 5204, 5676
RECT 5304, 4707, 5353, 4757
RECT 5304, 5403, 5353, 5453
RECT 5577, 4956, 5676, 4981
RECT 5577, 5179, 5676, 5204
RECT 4360, 5030, 4434, 5055
RECT 4360, 5105, 4434, 5130
RECT 4881, 4633, 4906, 4707
RECT 4881, 5453, 4906, 5527
RECT 5030, 4360, 5055, 4434
RECT 5030, 5726, 5055, 5800
RECT 5105, 4360, 5130, 4434
RECT 5105, 5726, 5130, 5800
RECT 5453, 4881, 5527, 4906
RECT 5453, 5254, 5527, 5279
RECT 5726, 5030, 5800, 5055
RECT 5726, 5105, 5800, 5130
RECT 4534, 4956, 4583, 4981
RECT 4534, 5179, 4583, 5204
RECT 4807, 4732, 4832, 4782
RECT 4807, 5378, 4832, 5428
RECT 4981, 4484, 5006, 4534
RECT 4981, 5627, 5006, 5676
RECT 5179, 4534, 5204, 4583
RECT 5179, 5577, 5204, 5627
RECT 5378, 4807, 5428, 4832
RECT 5378, 5328, 5428, 5353
RECT 5627, 4981, 5676, 5006
RECT 5627, 5155, 5676, 5179
RECT 4633, 4906, 4658, 4931
RECT 4633, 5229, 4658, 5254
RECT 4707, 4857, 4732, 4881
RECT 4707, 5279, 4732, 5304
RECT 4757, 4807, 4782, 4832
RECT 4757, 5328, 4782, 5353
RECT 4832, 4732, 4857, 4757
RECT 4832, 5403, 4857, 5428
RECT 4906, 4633, 4931, 4658
RECT 4906, 5502, 4931, 5527
RECT 5229, 4633, 5254, 4658
RECT 5229, 5502, 5254, 5527
RECT 5279, 4707, 5304, 4732
RECT 5279, 5428, 5304, 5453
RECT 5328, 4757, 5353, 4782
RECT 5328, 5378, 5353, 5403
RECT 5403, 4832, 5428, 4857
RECT 5403, 5304, 5428, 5328
RECT 5502, 4906, 5527, 4931
RECT 5502, 5229, 5527, 5254
END


D square_v0.97_d2100_x_0_y_-1, 2037, 2037, 49, 1
I 2
C 200
RECT 4062, 3763, 6099, 4062
RECT 4062, 3217, 4707, 3763
RECT 5453, 3217, 6099, 3763
RECT 4707, 3416, 4906, 3763
RECT 5254, 3416, 5453, 3763
RECT 4062, 3068, 4434, 3217
RECT 5726, 3068, 6099, 3217
RECT 4906, 3590, 5006, 3763
RECT 5155, 3590, 5254, 3763
RECT 4434, 3142, 4583, 3217
RECT 5577, 3142, 5726, 3217
RECT 4062, 3018, 4260, 3068
RECT 4707, 3316, 4807, 3416
RECT 5353, 3316, 5453, 3416
RECT 5900, 3018, 6099, 3068
RECT 4906, 3490, 4956, 3590
RECT 5204, 3490, 5254, 3590
RECT 5006, 3689, 5055, 3763
RECT 5105, 3689, 5155, 3763
RECT 4260, 3043, 4360, 3068
RECT 4434, 3093, 4484, 3142
RECT 4583, 3167, 4633, 3217
RECT 4707, 3267, 4757, 3316
RECT 4807, 3366, 4857, 3416
RECT 5304, 3366, 5353, 3416
RECT 5403, 3267, 5453, 3316
RECT 5527, 3167, 5577, 3217
RECT 5627, 3118, 5726, 3142
RECT 5800, 3043, 5900, 3068
RECT 4484, 3118, 4534, 3142
RECT 4956, 3540, 4981, 3590
RECT 5006, 3639, 5030, 3689
RECT 5130, 3639, 5155, 3689
RECT 5179, 3540, 5204, 3590
RECT 5676, 3093, 5726, 3118
RECT 4633, 3192, 4658, 3217
RECT 4707, 3242, 4732, 3267
RECT 4757, 3291, 4782, 3316
RECT 4807, 3341, 4832, 3366
RECT 4857, 3391, 4881, 3416
RECT 4906, 3465, 4931, 3490
RECT 5229, 3465, 5254, 3490
RECT 5279, 3391, 5304, 3416
RECT 5328, 3341, 5353, 3366
RECT 5378, 3291, 5403, 3316
RECT 5428, 3242, 5453, 3267
RECT 5502, 3192, 5527, 3217
END


D square_v0.97_d2100_x_-1_y_1
I 2
C 200
RECT 3316, 105912, 4062, 106657
RECT 3093, 105912, 3316, 106334
RECT 3639, 106657, 4062, 106880
RECT 3167, 106334, 3316, 106483
RECT 3416, 106657, 3639, 106756
RECT 3018, 105912, 3093, 106110
RECT 3763, 106880, 4062, 106930
RECT 3217, 106483, 3316, 106557
RECT 3490, 106756, 3639, 106806
RECT 3043, 106110, 3093, 106210
RECT 3863, 106930, 4062, 106955
RECT 3118, 106334, 3167, 106384
RECT 3267, 106557, 3316, 106607
RECT 3366, 106657, 3416, 106707
RECT 3540, 106806, 3639, 106831
RECT 3068, 106210, 3093, 106284
RECT 3689, 106880, 3763, 106905
RECT 3142, 106384, 3167, 106433
RECT 3590, 106831, 3639, 106856
RECT 3192, 106483, 3217, 106508
RECT 3242, 106557, 3267, 106582
RECT 3291, 106607, 3316, 106632
RECT 3341, 106657, 3366, 106682
RECT 3391, 106707, 3416, 106731
RECT 3465, 106756, 3490, 106781
END


D square_v0.97_d2100_x_-1_y_0, 2037, 2037, 1, 49
I 2
C 200
RECT 3763, 4062, 4062, 6099
RECT 3217, 4062, 3763, 4707
RECT 3217, 5453, 3763, 6099
RECT 3416, 4707, 3763, 4906
RECT 3416, 5254, 3763, 5453
RECT 3068, 4062, 3217, 4434
RECT 3068, 5726, 3217, 6099
RECT 3590, 4906, 3763, 5006
RECT 3590, 5155, 3763, 5254
RECT 3142, 4434, 3217, 4583
RECT 3142, 5577, 3217, 5726
RECT 3018, 4062, 3068, 4260
RECT 3018, 5900, 3068, 6099
RECT 3316, 4707, 3416, 4807
RECT 3316, 5353, 3416, 5453
RECT 3490, 4906, 3590, 4956
RECT 3490, 5204, 3590, 5254
RECT 3689, 5006, 3763, 5055
RECT 3689, 5105, 3763, 5155
RECT 3043, 4260, 3068, 4360
RECT 3043, 5800, 3068, 5900
RECT 3093, 4434, 3142, 4484
RECT 3093, 5676, 3142, 5726
RECT 3167, 4583, 3217, 4633
RECT 3167, 5527, 3217, 5577
RECT 3267, 4707, 3316, 4757
RECT 3267, 5403, 3316, 5453
RECT 3366, 4807, 3416, 4857
RECT 3366, 5304, 3416, 5353
RECT 3118, 4484, 3142, 4534
RECT 3118, 5627, 3142, 5676
RECT 3540, 4956, 3590, 4981
RECT 3540, 5179, 3590, 5204
RECT 3639, 5006, 3689, 5030
RECT 3639, 5130, 3689, 5155
RECT 3192, 4633, 3217, 4658
RECT 3192, 5502, 3217, 5527
RECT 3242, 4707, 3267, 4732
RECT 3242, 5428, 3267, 5453
RECT 3291, 4757, 3316, 4782
RECT 3291, 5378, 3316, 5403
RECT 3341, 4807, 3366, 4832
RECT 3341, 5328, 3366, 5353
RECT 3391, 4857, 3416, 4881
RECT 3391, 5279, 3416, 5304
RECT 3465, 4906, 3490, 4931
RECT 3465, 5229, 3490, 5254
END


D square_v0.97_d2100_x_-1_y_-1
I 2
C 200
RECT 3316, 5353, 4062, 6099
RECT 3093, 5676, 3316, 6099
RECT 3639, 5130, 4062, 5353
RECT 3167, 5527, 3316, 5676
RECT 3416, 5254, 3639, 5353
RECT 3018, 5900, 3093, 6099
RECT 3763, 5080, 4062, 5130
RECT 3217, 5453, 3316, 5527
RECT 3490, 5204, 3639, 5254
RECT 3043, 5800, 3093, 5900
RECT 3863, 5055, 4062, 5080
RECT 3118, 5627, 3167, 5676
RECT 3267, 5403, 3316, 5453
RECT 3366, 5304, 3416, 5353
RECT 3540, 5179, 3639, 5204
RECT 3068, 5726, 3093, 5800
RECT 3689, 5105, 3763, 5130
RECT 3142, 5577, 3167, 5627
RECT 3590, 5155, 3639, 5179
RECT 3192, 5502, 3217, 5527
RECT 3242, 5428, 3267, 5453
RECT 3291, 5378, 3316, 5403
RECT 3341, 5328, 3366, 5353
RECT 3391, 5279, 3416, 5304
RECT 3465, 5229, 3490, 5254
END





D square_v1.05_d1800_x_1_y_1
I 2
C 200
RECT 102048, 103938, 102694, 104584
RECT 102048, 104584, 102396, 104783
RECT 102694, 103938, 102868, 104335
RECT 102396, 104584, 102570, 104684
RECT 102868, 103938, 102918, 104211
RECT 102694, 104335, 102794, 104460
RECT 102048, 104783, 102222, 104833
RECT 102396, 104684, 102495, 104733
RECT 102918, 103938, 102943, 104112
RECT 102570, 104584, 102644, 104634
RECT 102222, 104783, 102321, 104808
RECT 102694, 104460, 102719, 104559
RECT 102794, 104335, 102843, 104385
RECT 102868, 104211, 102893, 104286
RECT 102396, 104733, 102445, 104758
RECT 102719, 104460, 102744, 104510
RECT 102495, 104684, 102520, 104708
RECT 102570, 104634, 102595, 104659
RECT 102644, 104584, 102669, 104609
RECT 102744, 104460, 102769, 104485
RECT 102794, 104385, 102818, 104410
END


D square_v1.05_d1800_x_1_y_0, 1890, 1890, 1, 52
I 2
C 200
RECT 102048, 3768, 102694, 4414
RECT 102048, 5011, 102694, 5658
RECT 102048, 4414, 102396, 4613
RECT 102048, 4812, 102396, 5011
RECT 102694, 3768, 102868, 4165
RECT 102694, 5260, 102868, 5658
RECT 102396, 4414, 102570, 4514
RECT 102396, 4912, 102570, 5011
RECT 102868, 3768, 102918, 4041
RECT 102868, 5384, 102918, 5658
RECT 102694, 4165, 102794, 4290
RECT 102694, 5135, 102794, 5260
RECT 102048, 4613, 102222, 4663
RECT 102048, 4762, 102222, 4812
RECT 102396, 4514, 102495, 4563
RECT 102396, 4862, 102495, 4912
RECT 102918, 3768, 102943, 3942
RECT 102918, 5483, 102943, 5658
RECT 102570, 4414, 102644, 4464
RECT 102570, 4961, 102644, 5011
RECT 102694, 5061, 102744, 5135
RECT 102222, 4613, 102321, 4638
RECT 102222, 4787, 102321, 4812
RECT 102694, 4290, 102719, 4389
RECT 102794, 4165, 102843, 4215
RECT 102794, 5210, 102843, 5260
RECT 102868, 4041, 102893, 4116
RECT 102868, 5309, 102893, 5384
RECT 102396, 4563, 102445, 4588
RECT 102396, 4837, 102445, 4862
RECT 102719, 4290, 102744, 4340
RECT 102495, 4514, 102520, 4538
RECT 102495, 4887, 102520, 4912
RECT 102570, 4464, 102595, 4489
RECT 102570, 4936, 102595, 4961
RECT 102644, 4414, 102669, 4439
RECT 102644, 4986, 102669, 5011
RECT 102694, 5036, 102719, 5061
RECT 102744, 4290, 102769, 4315
RECT 102744, 5110, 102769, 5135
RECT 102794, 4215, 102818, 4240
RECT 102794, 5185, 102818, 5210
END


D square_v1.05_d1800_x_1_y_-1
I 2
C 200
RECT 102048, 5011, 102694, 5658
RECT 102048, 4812, 102396, 5011
RECT 102694, 5260, 102868, 5658
RECT 102396, 4912, 102570, 5011
RECT 102868, 5384, 102918, 5658
RECT 102694, 5135, 102794, 5260
RECT 102048, 4762, 102222, 4812
RECT 102396, 4862, 102495, 4912
RECT 102918, 5483, 102943, 5658
RECT 102570, 4961, 102644, 5011
RECT 102694, 5061, 102744, 5135
RECT 102222, 4787, 102321, 4812
RECT 102794, 5210, 102843, 5260
RECT 102868, 5309, 102893, 5384
RECT 102396, 4837, 102445, 4862
RECT 102495, 4887, 102520, 4912
RECT 102570, 4936, 102595, 4961
RECT 102644, 4986, 102669, 5011
RECT 102694, 5036, 102719, 5061
RECT 102744, 5110, 102769, 5135
RECT 102794, 5185, 102818, 5210
END


D square_v1.05_d1800_x_0_y_1, 1890, 1890, 52, 1
I 2
C 200
RECT 3768, 102048, 4414, 102694
RECT 5011, 102048, 5658, 102694
RECT 3768, 102694, 4116, 102893
RECT 4414, 102048, 4588, 102445
RECT 4812, 102048, 5011, 102396
RECT 5260, 102694, 5658, 102868
RECT 4116, 102694, 4290, 102794
RECT 4912, 102396, 5011, 102570
RECT 4588, 102048, 4638, 102321
RECT 5384, 102868, 5658, 102918
RECT 4414, 102445, 4514, 102570
RECT 5135, 102694, 5260, 102794
RECT 3768, 102893, 3942, 102943
RECT 4762, 102048, 4812, 102222
RECT 4116, 102794, 4215, 102843
RECT 4862, 102396, 4912, 102495
RECT 4638, 102048, 4663, 102222
RECT 5483, 102918, 5658, 102943
RECT 4290, 102694, 4364, 102744
RECT 4961, 102570, 5011, 102644
RECT 5061, 102694, 5135, 102744
RECT 3942, 102893, 4041, 102918
RECT 4414, 102570, 4439, 102669
RECT 4514, 102445, 4563, 102495
RECT 4787, 102222, 4812, 102321
RECT 5210, 102794, 5260, 102843
RECT 4588, 102321, 4613, 102396
RECT 5309, 102868, 5384, 102893
RECT 4116, 102843, 4165, 102868
RECT 4439, 102570, 4464, 102620
RECT 4837, 102396, 4862, 102445
RECT 4215, 102794, 4240, 102818
RECT 4290, 102744, 4315, 102769
RECT 4364, 102694, 4389, 102719
RECT 4464, 102570, 4489, 102595
RECT 4514, 102495, 4538, 102520
RECT 4887, 102495, 4912, 102520
RECT 4936, 102570, 4961, 102595
RECT 4986, 102644, 5011, 102669
RECT 5036, 102694, 5061, 102719
RECT 5110, 102744, 5135, 102769
RECT 5185, 102794, 5210, 102818
END


D square_v1.05_d1800_x_0_y_0, 1890, 1890, 52, 52
I 2
C 200
RECT 3768, 3768, 4414, 4414
RECT 3768, 5011, 4414, 5658
RECT 5011, 3768, 5658, 4414
RECT 5011, 5011, 5658, 5658
RECT 3768, 4414, 4116, 4613
RECT 3768, 4812, 4116, 5011
RECT 4414, 3768, 4588, 4165
RECT 4414, 5260, 4588, 5658
RECT 4812, 3768, 5011, 4116
RECT 4812, 5309, 5011, 5658
RECT 5260, 4414, 5658, 4588
RECT 5260, 4837, 5658, 5011
RECT 4116, 4414, 4290, 4514
RECT 4116, 4912, 4290, 5011
RECT 4912, 4116, 5011, 4290
RECT 4912, 5135, 5011, 5309
RECT 4588, 3768, 4638, 4041
RECT 4588, 5384, 4638, 5658
RECT 5384, 4588, 5658, 4638
RECT 5384, 4787, 5658, 4837
RECT 4414, 4165, 4514, 4290
RECT 4414, 5135, 4514, 5260
RECT 5135, 4414, 5260, 4514
RECT 5135, 4912, 5260, 5011
RECT 3768, 4613, 3942, 4663
RECT 3768, 4762, 3942, 4812
RECT 4762, 3768, 4812, 3942
RECT 4762, 5483, 4812, 5658
RECT 4116, 4514, 4215, 4563
RECT 4116, 4862, 4215, 4912
RECT 4862, 4116, 4912, 4215
RECT 4862, 5210, 4912, 5309
RECT 4638, 3768, 4663, 3942
RECT 4638, 5483, 4663, 5658
RECT 5483, 4638, 5658, 4663
RECT 5483, 4762, 5658, 4787
RECT 4290, 4414, 4364, 4464
RECT 4290, 4961, 4364, 5011
RECT 4414, 5061, 4464, 5135
RECT 4961, 4290, 5011, 4364
RECT 4961, 5061, 5011, 5135
RECT 5061, 4414, 5135, 4464
RECT 3942, 4613, 4041, 4638
RECT 3942, 4787, 4041, 4812
RECT 4414, 4290, 4439, 4389
RECT 4514, 4165, 4563, 4215
RECT 4514, 5210, 4563, 5260
RECT 4787, 3942, 4812, 4041
RECT 4787, 5384, 4812, 5483
RECT 5036, 4986, 5135, 5011
RECT 5210, 4514, 5260, 4563
RECT 5210, 4862, 5260, 4912
RECT 4588, 4041, 4613, 4116
RECT 4588, 5309, 4613, 5384
RECT 5309, 4588, 5384, 4613
RECT 5309, 4812, 5384, 4837
RECT 4116, 4563, 4165, 4588
RECT 4116, 4837, 4165, 4862
RECT 4439, 4290, 4464, 4340
RECT 4837, 4116, 4862, 4165
RECT 4837, 5260, 4862, 5309
RECT 5086, 4961, 5135, 4986
RECT 4215, 4514, 4240, 4538
RECT 4215, 4887, 4240, 4912
RECT 4290, 4464, 4315, 4489
RECT 4290, 4936, 4315, 4961
RECT 4364, 4414, 4389, 4439
RECT 4364, 4986, 4389, 5011
RECT 4414, 5036, 4439, 5061
RECT 4464, 4290, 4489, 4315
RECT 4464, 5110, 4489, 5135
RECT 4514, 4215, 4538, 4240
RECT 4514, 5185, 4538, 5210
RECT 4887, 4215, 4912, 4240
RECT 4887, 5185, 4912, 5210
RECT 4936, 4290, 4961, 4315
RECT 4936, 5110, 4961, 5135
RECT 4986, 4364, 5011, 4389
RECT 4986, 5036, 5011, 5061
RECT 5036, 4414, 5061, 4439
RECT 5110, 4464, 5135, 4489
RECT 5110, 4936, 5135, 4961
RECT 5185, 4514, 5210, 4538
RECT 5185, 4887, 5210, 4912
END


D square_v1.05_d1800_x_0_y_-1, 1890, 1890, 52, 1
I 2
C 200
RECT 3768, 3121, 4414, 3768
RECT 5011, 3121, 5658, 3768
RECT 3768, 2922, 4116, 3121
RECT 4414, 3370, 4588, 3768
RECT 4812, 3419, 5011, 3768
RECT 5260, 2947, 5658, 3121
RECT 4116, 3022, 4290, 3121
RECT 4912, 3245, 5011, 3419
RECT 4588, 3494, 4638, 3768
RECT 5384, 2897, 5658, 2947
RECT 4414, 3245, 4514, 3370
RECT 5135, 3022, 5260, 3121
RECT 3768, 2872, 3942, 2922
RECT 4762, 3593, 4812, 3768
RECT 4116, 2972, 4215, 3022
RECT 4862, 3320, 4912, 3419
RECT 4638, 3593, 4663, 3768
RECT 5483, 2872, 5658, 2897
RECT 4290, 3071, 4364, 3121
RECT 4414, 3171, 4464, 3245
RECT 4961, 3171, 5011, 3245
RECT 3942, 2897, 4041, 2922
RECT 4514, 3320, 4563, 3370
RECT 4787, 3494, 4812, 3593
RECT 5036, 3096, 5135, 3121
RECT 5210, 2972, 5260, 3022
RECT 4588, 3419, 4613, 3494
RECT 5309, 2922, 5384, 2947
RECT 4116, 2947, 4165, 2972
RECT 4837, 3370, 4862, 3419
RECT 5086, 3071, 5135, 3096
RECT 4215, 2997, 4240, 3022
RECT 4290, 3046, 4315, 3071
RECT 4364, 3096, 4389, 3121
RECT 4414, 3146, 4439, 3171
RECT 4464, 3220, 4489, 3245
RECT 4514, 3295, 4538, 3320
RECT 4887, 3295, 4912, 3320
RECT 4936, 3220, 4961, 3245
RECT 4986, 3146, 5011, 3171
RECT 5110, 3046, 5135, 3071
RECT 5185, 2997, 5210, 3022
END


D square_v1.05_d1800_x_-1_y_1
I 2
C 200
RECT 3121, 103938, 3768, 104584
RECT 2922, 103938, 3121, 104286
RECT 3370, 104584, 3768, 104758
RECT 3022, 104286, 3121, 104460
RECT 3494, 104758, 3768, 104808
RECT 3245, 104584, 3370, 104684
RECT 2872, 103938, 2922, 104112
RECT 2972, 104286, 3022, 104385
RECT 3593, 104808, 3768, 104833
RECT 3071, 104460, 3121, 104534
RECT 3171, 104584, 3245, 104634
RECT 2897, 104112, 2922, 104211
RECT 3320, 104684, 3370, 104733
RECT 3419, 104758, 3494, 104783
RECT 2947, 104286, 2972, 104335
RECT 2997, 104385, 3022, 104410
RECT 3046, 104460, 3071, 104485
RECT 3096, 104534, 3121, 104559
RECT 3146, 104584, 3171, 104609
RECT 3220, 104634, 3245, 104659
RECT 3295, 104684, 3320, 104708
END


D square_v1.05_d1800_x_-1_y_0, 1890, 1890, 1, 52
I 2
C 200
RECT 3121, 3768, 3768, 4414
RECT 3121, 5011, 3768, 5658
RECT 2922, 3768, 3121, 4116
RECT 2922, 5309, 3121, 5658
RECT 3370, 4414, 3768, 4588
RECT 3370, 4837, 3768, 5011
RECT 3022, 4116, 3121, 4290
RECT 3022, 5135, 3121, 5309
RECT 3494, 4588, 3768, 4638
RECT 3494, 4787, 3768, 4837
RECT 3245, 4414, 3370, 4514
RECT 3245, 4912, 3370, 5011
RECT 2872, 3768, 2922, 3942
RECT 2872, 5483, 2922, 5658
RECT 2972, 4116, 3022, 4215
RECT 2972, 5210, 3022, 5309
RECT 3593, 4638, 3768, 4663
RECT 3593, 4762, 3768, 4787
RECT 3071, 4290, 3121, 4364
RECT 3071, 5061, 3121, 5135
RECT 3171, 4414, 3245, 4464
RECT 2897, 3942, 2922, 4041
RECT 2897, 5384, 2922, 5483
RECT 3146, 4986, 3245, 5011
RECT 3320, 4514, 3370, 4563
RECT 3320, 4862, 3370, 4912
RECT 3419, 4588, 3494, 4613
RECT 3419, 4812, 3494, 4837
RECT 2947, 4116, 2972, 4165
RECT 2947, 5260, 2972, 5309
RECT 3196, 4961, 3245, 4986
RECT 2997, 4215, 3022, 4240
RECT 2997, 5185, 3022, 5210
RECT 3046, 4290, 3071, 4315
RECT 3046, 5110, 3071, 5135
RECT 3096, 4364, 3121, 4389
RECT 3096, 5036, 3121, 5061
RECT 3146, 4414, 3171, 4439
RECT 3220, 4464, 3245, 4489
RECT 3220, 4936, 3245, 4961
RECT 3295, 4514, 3320, 4538
RECT 3295, 4887, 3320, 4912
END


D square_v1.05_d1800_x_-1_y_-1
I 2
C 200
RECT 3121, 5011, 3768, 5658
RECT 2922, 5309, 3121, 5658
RECT 3370, 4837, 3768, 5011
RECT 3022, 5135, 3121, 5309
RECT 3494, 4787, 3768, 4837
RECT 3245, 4912, 3370, 5011
RECT 2872, 5483, 2922, 5658
RECT 2972, 5210, 3022, 5309
RECT 3593, 4762, 3768, 4787
RECT 3071, 5061, 3121, 5135
RECT 2897, 5384, 2922, 5483
RECT 3146, 4986, 3245, 5011
RECT 3320, 4862, 3370, 4912
RECT 3419, 4812, 3494, 4837
RECT 2947, 5260, 2972, 5309
RECT 3196, 4961, 3245, 4986
RECT 2997, 5185, 3022, 5210
RECT 3046, 5110, 3071, 5135
RECT 3096, 5036, 3121, 5061
RECT 3220, 4936, 3245, 4961
RECT 3295, 4887, 3320, 4912
END





D square_v1.05_d2100_x_1_y_1
I 2
C 200
RECT 103623, 105828, 104366, 106571
RECT 103623, 106571, 104069, 106794
RECT 104366, 105828, 104589, 106274
RECT 104069, 106571, 104242, 106695
RECT 104366, 106274, 104490, 106447
RECT 103623, 106794, 103846, 106868
RECT 104589, 105828, 104638, 106125
RECT 104069, 106695, 104168, 106744
RECT 104490, 106274, 104539, 106373
RECT 104638, 105828, 104663, 106026
RECT 103846, 106794, 103920, 106843
RECT 104242, 106571, 104292, 106645
RECT 104366, 106447, 104415, 106521
RECT 103920, 106794, 103994, 106819
RECT 104589, 106125, 104614, 106199
RECT 104069, 106744, 104118, 106769
RECT 104292, 106571, 104316, 106620
RECT 104415, 106447, 104440, 106497
RECT 104539, 106274, 104564, 106323
RECT 104168, 106695, 104192, 106720
RECT 104242, 106645, 104267, 106670
RECT 104316, 106571, 104341, 106596
RECT 104366, 106521, 104391, 106546
RECT 104440, 106447, 104465, 106472
RECT 104490, 106373, 104515, 106397
END


D square_v1.05_d2100_x_1_y_0, 2205, 2205, 1, 45
I 2
C 200
RECT 103623, 4398, 104366, 5141
RECT 103623, 5859, 104366, 6603
RECT 103623, 5141, 104069, 5364
RECT 103623, 5636, 104069, 5859
RECT 104366, 4398, 104589, 4844
RECT 104366, 6157, 104589, 6603
RECT 104069, 5141, 104242, 5265
RECT 104069, 5735, 104242, 5859
RECT 104366, 4844, 104490, 5017
RECT 104366, 5983, 104490, 6157
RECT 103623, 5364, 103846, 5438
RECT 103623, 5562, 103846, 5636
RECT 104589, 6380, 104663, 6603
RECT 104589, 4398, 104638, 4695
RECT 104069, 5265, 104168, 5314
RECT 104069, 5686, 104168, 5735
RECT 104490, 4844, 104539, 4943
RECT 104490, 6058, 104539, 6157
RECT 104638, 4398, 104663, 4596
RECT 103846, 5364, 103920, 5413
RECT 103846, 5587, 103920, 5636
RECT 104242, 5141, 104292, 5215
RECT 104242, 5785, 104292, 5859
RECT 104366, 5017, 104415, 5091
RECT 104366, 5909, 104415, 5983
RECT 104589, 6231, 104614, 6380
RECT 103920, 5364, 103994, 5389
RECT 103920, 5612, 103994, 5636
RECT 104589, 4695, 104614, 4769
RECT 104614, 6305, 104638, 6380
RECT 104069, 5314, 104118, 5339
RECT 104069, 5661, 104118, 5686
RECT 104292, 5141, 104316, 5190
RECT 104292, 5810, 104316, 5859
RECT 104415, 5017, 104440, 5067
RECT 104415, 5934, 104440, 5983
RECT 104539, 4844, 104564, 4893
RECT 104539, 6107, 104564, 6157
RECT 104168, 5265, 104192, 5290
RECT 104168, 5711, 104192, 5735
RECT 104242, 5215, 104267, 5240
RECT 104242, 5760, 104267, 5785
RECT 104316, 5141, 104341, 5166
RECT 104316, 5835, 104341, 5859
RECT 104366, 5091, 104391, 5116
RECT 104366, 5884, 104391, 5909
RECT 104440, 5017, 104465, 5042
RECT 104440, 5958, 104465, 5983
RECT 104490, 4943, 104515, 4967
RECT 104490, 6033, 104515, 6058
END


D square_v1.05_d2100_x_1_y_-1
I 2
C 200
RECT 103623, 5859, 104366, 6603
RECT 103623, 5636, 104069, 5859
RECT 104366, 6157, 104589, 6603
RECT 104069, 5735, 104242, 5859
RECT 104366, 5983, 104490, 6157
RECT 103623, 5562, 103846, 5636
RECT 104589, 6380, 104663, 6603
RECT 104069, 5686, 104168, 5735
RECT 104490, 6058, 104539, 6157
RECT 103846, 5587, 103920, 5636
RECT 104242, 5785, 104292, 5859
RECT 104366, 5909, 104415, 5983
RECT 104589, 6231, 104614, 6380
RECT 103920, 5612, 103994, 5636
RECT 104614, 6305, 104638, 6380
RECT 104069, 5661, 104118, 5686
RECT 104292, 5810, 104316, 5859
RECT 104415, 5934, 104440, 5983
RECT 104539, 6107, 104564, 6157
RECT 104168, 5711, 104192, 5735
RECT 104242, 5760, 104267, 5785
RECT 104316, 5835, 104341, 5859
RECT 104366, 5884, 104391, 5909
RECT 104440, 5958, 104465, 5983
RECT 104490, 6033, 104515, 6058
END


D square_v1.05_d2100_x_0_y_1, 2205, 2205, 45, 1
I 2
C 200
RECT 4398, 103623, 5141, 104366
RECT 5859, 103623, 6603, 104366
RECT 4398, 104366, 4844, 104589
RECT 5141, 103623, 5364, 104069
RECT 5636, 103623, 5859, 104069
RECT 6157, 104366, 6603, 104589
RECT 4844, 104366, 5017, 104490
RECT 5141, 104069, 5265, 104242
RECT 5735, 104069, 5859, 104242
RECT 5983, 104366, 6157, 104490
RECT 4398, 104589, 4621, 104663
RECT 5562, 103623, 5636, 103846
RECT 5364, 103623, 5413, 103920
RECT 6305, 104589, 6603, 104638
RECT 4844, 104490, 4943, 104539
RECT 5265, 104069, 5314, 104168
RECT 5413, 103623, 5438, 103821
RECT 6404, 104638, 6603, 104663
RECT 4621, 104589, 4695, 104638
RECT 5017, 104366, 5067, 104440
RECT 5141, 104242, 5190, 104316
RECT 5587, 103846, 5636, 103920
RECT 5661, 104069, 5735, 104118
RECT 5785, 104242, 5859, 104292
RECT 5909, 104366, 5983, 104415
RECT 6082, 104490, 6157, 104539
RECT 4695, 104589, 4769, 104614
RECT 5364, 103920, 5389, 103994
RECT 5612, 103920, 5636, 103994
RECT 5711, 104118, 5735, 104192
RECT 6231, 104589, 6305, 104614
RECT 4844, 104539, 4893, 104564
RECT 5067, 104366, 5091, 104415
RECT 5190, 104242, 5215, 104292
RECT 5314, 104069, 5339, 104118
RECT 5810, 104292, 5859, 104316
RECT 5934, 104415, 5983, 104440
RECT 6033, 104490, 6082, 104515
RECT 6107, 104539, 6157, 104564
RECT 4943, 104490, 4967, 104515
RECT 5017, 104440, 5042, 104465
RECT 5091, 104366, 5116, 104391
RECT 5141, 104316, 5166, 104341
RECT 5215, 104242, 5240, 104267
RECT 5265, 104168, 5290, 104192
RECT 5686, 104118, 5711, 104143
RECT 5760, 104242, 5785, 104267
RECT 5835, 104316, 5859, 104341
RECT 5884, 104366, 5909, 104391
RECT 5958, 104440, 5983, 104465
END


D square_v1.05_d2100_x_0_y_0, 2205, 2205, 45, 45
I 2
C 200
RECT 4398, 4398, 5141, 5141
RECT 4398, 5859, 5141, 6603
RECT 5859, 4398, 6603, 5141
RECT 5859, 5859, 6603, 6603
RECT 4398, 5141, 4844, 5364
RECT 4398, 5636, 4844, 5859
RECT 5141, 4398, 5364, 4844
RECT 5141, 6157, 5364, 6603
RECT 5636, 4398, 5859, 4844
RECT 5636, 6157, 5859, 6603
RECT 6157, 5141, 6603, 5364
RECT 6157, 5636, 6603, 5859
RECT 4844, 5141, 5017, 5265
RECT 4844, 5735, 5017, 5859
RECT 5141, 4844, 5265, 5017
RECT 5141, 5983, 5265, 6157
RECT 5735, 4844, 5859, 5017
RECT 5735, 5983, 5859, 6157
RECT 5983, 5141, 6157, 5265
RECT 5983, 5735, 6157, 5859
RECT 4398, 5364, 4621, 5438
RECT 4398, 5562, 4621, 5636
RECT 5364, 6380, 5438, 6603
RECT 5562, 4398, 5636, 4621
RECT 5562, 6380, 5636, 6603
RECT 5364, 4398, 5413, 4695
RECT 6305, 5364, 6603, 5413
RECT 6305, 5587, 6603, 5636
RECT 4844, 5265, 4943, 5314
RECT 4844, 5686, 4943, 5735
RECT 5265, 4844, 5314, 4943
RECT 5265, 6058, 5314, 6157
RECT 5413, 4398, 5438, 4596
RECT 5686, 6058, 5735, 6157
RECT 6058, 5686, 6157, 5735
RECT 6404, 5413, 6603, 5438
RECT 6404, 5562, 6603, 5587
RECT 4621, 5364, 4695, 5413
RECT 4621, 5587, 4695, 5636
RECT 5017, 5141, 5067, 5215
RECT 5017, 5785, 5067, 5859
RECT 5141, 5017, 5190, 5091
RECT 5141, 5909, 5190, 5983
RECT 5364, 6231, 5389, 6380
RECT 5587, 4621, 5636, 4695
RECT 5587, 6305, 5636, 6380
RECT 5661, 4844, 5735, 4893
RECT 5785, 5017, 5859, 5067
RECT 5785, 5934, 5859, 5983
RECT 5909, 5141, 5983, 5190
RECT 5909, 5810, 5983, 5859
RECT 6082, 5265, 6157, 5314
RECT 4695, 5364, 4769, 5389
RECT 4695, 5612, 4769, 5636
RECT 5364, 4695, 5389, 4769
RECT 5389, 6305, 5413, 6380
RECT 5612, 4695, 5636, 4769
RECT 5612, 6231, 5636, 6305
RECT 5711, 4893, 5735, 4967
RECT 6231, 5364, 6305, 5389
RECT 6231, 5612, 6305, 5636
RECT 4844, 5314, 4893, 5339
RECT 4844, 5661, 4893, 5686
RECT 5067, 5141, 5091, 5190
RECT 5067, 5810, 5091, 5859
RECT 5190, 5017, 5215, 5067
RECT 5190, 5934, 5215, 5983
RECT 5314, 4844, 5339, 4893
RECT 5314, 6107, 5339, 6157
RECT 5661, 6107, 5686, 6157
RECT 5810, 5067, 5859, 5091
RECT 5810, 5909, 5859, 5934
RECT 5934, 5190, 5983, 5215
RECT 5934, 5785, 5983, 5810
RECT 6033, 5265, 6082, 5290
RECT 6107, 5314, 6157, 5339
RECT 6107, 5661, 6157, 5686
RECT 4943, 5265, 4967, 5290
RECT 4943, 5711, 4967, 5735
RECT 5017, 5215, 5042, 5240
RECT 5017, 5760, 5042, 5785
RECT 5091, 5141, 5116, 5166
RECT 5091, 5835, 5116, 5859
RECT 5141, 5091, 5166, 5116
RECT 5141, 5884, 5166, 5909
RECT 5215, 5017, 5240, 5042
RECT 5215, 5958, 5240, 5983
RECT 5265, 4943, 5290, 4967
RECT 5265, 6033, 5290, 6058
RECT 5686, 4893, 5711, 4918
