D center
I 2
C 200
RECT -25, 975, 25, 1725
RECT 25, 925, 75, 1825
RECT 75, 875, 125, 1875
RECT 125, 825, 175, 1975
RECT 175, 775, 225, 2025
RECT 225, 775, 275, 2075
RECT 275, 775, 325, 2125
RECT 325, 725, 375, 2175
RECT 375, 725, 475, 2225
RECT 475, 725, 525, 2275
RECT 525, 725, 625, 2325
RECT 625, 725, 675, 2375
RECT 675, 725, 825, 2425
RECT 825, 725, 925, 2475
RECT 925, 725, 975, 2525
RECT 975, 775, 1075, 2525
RECT 1075, 775, 1175, 2575
RECT 1175, 825, 1275, 2575
RECT 1275, 875, 1375, 2575
RECT 1375, 925, 1475, 2575
RECT 1475, 975, 1575, 2575
RECT 1575, 1025, 1625, 2575
RECT 1625, 1075, 1675, 2575
RECT 1675, 1125, 1725, 2575
RECT 1725, 1175, 1775, 2575
RECT 1775, 1175, 1825, 2525
RECT 1825, 1225, 1875, 2525
RECT 1875, 1325, 1925, 2475
RECT 1925, 1375, 1975, 2475
RECT 1975, 1425, 2025, 2425
RECT 2025, 1225, 2075, 2375
RECT 2075, 1075, 2125, 2325
RECT 2125, 925, 2175, 2375
RECT 2175, 825, 2225, 2475
RECT 2225, 775, 2275, 2525
RECT 2275, 675, 2325, 2625
RECT 2325, 625, 2375, 2675
RECT 2375, 575, 2425, 2725
RECT 2425, 525, 2525, 2775
RECT 2525, 475, 2575, 2825
RECT 2575, 425, 3075, 2875
RECT 3075, 475, 3125, 2825
RECT 3125, 525, 3225, 2775
RECT 3225, 575, 3275, 2725
RECT 3275, 625, 3325, 2675
RECT 3325, 675, 3375, 2625
RECT 3375, 775, 3425, 2525
RECT 3425, 825, 3475, 2475
RECT 3475, 925, 3525, 2375
RECT 3525, 1075, 3575, 2325
RECT 3575, 1225, 3625, 2375
RECT 3625, 1425, 3675, 2425
RECT 3675, 1375, 3725, 2475
RECT 3725, 1325, 3775, 2475
RECT 3775, 1225, 3825, 2525
RECT 3825, 1175, 3875, 2525
RECT 3875, 1175, 3925, 2575
RECT 3925, 1125, 3975, 2575
RECT 3975, 1075, 4025, 2575
RECT 4025, 1025, 4075, 2575
RECT 4075, 975, 4175, 2575
RECT 4175, 925, 4275, 2575
RECT 4275, 875, 4375, 2575
RECT 4375, 825, 4475, 2575
RECT 4475, 775, 4575, 2575
RECT 4575, 775, 4675, 2525
RECT 4675, 725, 4725, 2525
RECT 4725, 725, 4825, 2475
RECT 4825, 725, 4975, 2425
RECT 4975, 725, 5025, 2375
RECT 5025, 725, 5125, 2325
RECT 5125, 725, 5175, 2275
RECT 5175, 725, 5275, 2225
RECT 5275, 725, 5325, 2175
RECT 5325, 775, 5375, 2125
RECT 5375, 775, 5425, 2075
RECT 5425, 775, 5475, 2025
RECT 5475, 825, 5525, 1975
RECT 5525, 875, 5575, 1875
RECT 5575, 925, 5625, 1825
RECT 5625, 975, 5675, 1725
END