D square_v0.97_d1800_x_1_y_1
I 2
C 200
RECT 101256, 103002, 101904, 103650
RECT 101256, 103650, 101655, 103825
RECT 101904, 103002, 102079, 103401
RECT 101256, 103825, 101530, 103875
RECT 102079, 103002, 102129, 103276
RECT 101655, 103650, 101779, 103750
RECT 101904, 103401, 102004, 103525
RECT 101256, 103875, 101405, 103899
RECT 102129, 103002, 102153, 103151
RECT 101655, 103750, 101704, 103800
RECT 101779, 103650, 101829, 103700
RECT 101904, 103525, 101954, 103575
RECT 102004, 103401, 102054, 103450
RECT 101530, 103825, 101580, 103850
RECT 102079, 103276, 102104, 103326
RECT 101704, 103750, 101729, 103775
RECT 101779, 103700, 101804, 103725
RECT 101829, 103650, 101854, 103675
RECT 101904, 103575, 101929, 103600
RECT 101954, 103525, 101979, 103550
RECT 102004, 103450, 102029, 103475
END


D square_v0.97_d1800_x_1_y_0, 1746, 1746, 1, 57
I 2
C 200
RECT 101256, 1734, 101530, 3480
RECT 101530, 1734, 102004, 2257
RECT 101530, 2956, 102004, 3480
RECT 101530, 2257, 101779, 2482
RECT 101530, 2731, 101779, 2956
RECT 102004, 1734, 102129, 2008
RECT 102004, 3205, 102129, 3480
RECT 101779, 2257, 101904, 2382
RECT 101779, 2831, 101904, 2956
RECT 101530, 2482, 101655, 2557
RECT 101530, 2656, 101655, 2731
RECT 102004, 2008, 102079, 2133
RECT 102004, 3080, 102079, 3205
RECT 102129, 1734, 102153, 1883
RECT 102129, 3330, 102153, 3480
RECT 101655, 2482, 101704, 2532
RECT 101655, 2681, 101704, 2731
RECT 101779, 2382, 101829, 2432
RECT 101779, 2781, 101829, 2831
RECT 101904, 2257, 101954, 2307
RECT 101904, 2906, 101954, 2956
RECT 102004, 2133, 102054, 2182
RECT 102004, 3031, 102054, 3080
RECT 101530, 2557, 101580, 2582
RECT 101530, 2631, 101580, 2656
RECT 102079, 2008, 102104, 2058
RECT 102079, 3155, 102104, 3205
RECT 101704, 2482, 101729, 2507
RECT 101704, 2706, 101729, 2731
RECT 101779, 2432, 101804, 2457
RECT 101779, 2756, 101804, 2781
RECT 101829, 2382, 101854, 2407
RECT 101829, 2806, 101854, 2831
RECT 101904, 2307, 101929, 2332
RECT 101904, 2881, 101929, 2906
RECT 101954, 2257, 101979, 2282
RECT 101954, 2931, 101979, 2956
RECT 102004, 2182, 102029, 2207
RECT 102004, 3006, 102029, 3031
END


D square_v0.97_d1800_x_1_y_-1
I 2
C 200
RECT 101256, 2831, 101904, 3480
RECT 101256, 2656, 101655, 2831
RECT 101904, 3080, 102079, 3480
RECT 101256, 2607, 101530, 2656
RECT 102079, 3205, 102129, 3480
RECT 101655, 2731, 101779, 2831
RECT 101904, 2956, 102004, 3080
RECT 101256, 2582, 101405, 2607
RECT 102129, 3330, 102153, 3480
RECT 101655, 2681, 101704, 2731
RECT 101779, 2781, 101829, 2831
RECT 101904, 2906, 101954, 2956
RECT 102004, 3031, 102054, 3080
RECT 101530, 2631, 101580, 2656
RECT 102079, 3155, 102104, 3205
RECT 101704, 2706, 101729, 2731
RECT 101779, 2756, 101804, 2781
RECT 101829, 2806, 101854, 2831
RECT 101904, 2881, 101929, 2906
RECT 101954, 2931, 101979, 2956
RECT 102004, 3006, 102029, 3031
END


D square_v0.97_d1800_x_0_y_1, 1746, 1746, 57, 1
I 2
C 200
RECT 1734, 101256, 3480, 101530
RECT 1734, 101530, 2257, 102004
RECT 2956, 101530, 3480, 102004
RECT 2257, 101530, 2482, 101779
RECT 2731, 101530, 2956, 101779
RECT 1734, 102004, 2008, 102129
RECT 3205, 102004, 3480, 102129
RECT 2257, 101779, 2382, 101904
RECT 2831, 101779, 2956, 101904
RECT 2008, 102004, 2133, 102079
RECT 2482, 101530, 2557, 101655
RECT 2656, 101530, 2731, 101655
RECT 3080, 102004, 3205, 102079
RECT 1734, 102129, 1883, 102153
RECT 3330, 102129, 3480, 102153
RECT 2133, 102004, 2182, 102054
RECT 2257, 101904, 2307, 101954
RECT 2382, 101779, 2432, 101829
RECT 2482, 101655, 2532, 101704
RECT 2681, 101655, 2731, 101704
RECT 2781, 101779, 2831, 101829
RECT 2906, 101904, 2956, 101954
RECT 3031, 102004, 3080, 102054
RECT 2008, 102079, 2058, 102104
RECT 2557, 101530, 2582, 101580
RECT 2631, 101530, 2656, 101580
RECT 3155, 102079, 3205, 102104
RECT 2182, 102004, 2207, 102029
RECT 2257, 101954, 2282, 101979
RECT 2307, 101904, 2332, 101929
RECT 2382, 101829, 2407, 101854
RECT 2432, 101779, 2457, 101804
RECT 2482, 101704, 2507, 101729
RECT 2706, 101704, 2731, 101729
RECT 2756, 101779, 2781, 101804
RECT 2806, 101829, 2831, 101854
RECT 2881, 101904, 2906, 101929
RECT 2931, 101954, 2956, 101979
RECT 3006, 102004, 3031, 102029
END


D square_v0.97_d1800_x_0_y_0, 1746, 1746, 57, 57
I 2
C 200
RECT 1734, 1734, 2008, 3480
RECT 3205, 1734, 3480, 3480
RECT 2008, 1734, 3205, 2008
RECT 2008, 3205, 3205, 3480
RECT 2008, 2008, 2382, 2382
RECT 2008, 2831, 2382, 3205
RECT 2831, 2008, 3205, 2382
RECT 2831, 2831, 3205, 3205
RECT 2008, 2382, 2182, 2532
RECT 2008, 2681, 2182, 2831
RECT 2382, 2008, 2532, 2182
RECT 2382, 3031, 2532, 3205
RECT 2681, 2008, 2831, 2182
RECT 2681, 3031, 2831, 3205
RECT 3031, 2382, 3205, 2532
RECT 3031, 2681, 3205, 2831
RECT 2182, 2382, 2257, 2482
RECT 2182, 2731, 2257, 2831
RECT 2382, 2182, 2457, 2282
RECT 2382, 2931, 2457, 3031
RECT 2731, 2182, 2831, 2257
RECT 2731, 2956, 2831, 3031
RECT 2931, 2382, 3031, 2457
RECT 2931, 2756, 3031, 2831
RECT 2008, 2532, 2133, 2557
RECT 2008, 2656, 2133, 2681
RECT 2532, 2008, 2557, 2133
RECT 2532, 3080, 2557, 3205
RECT 2656, 2008, 2681, 2133
RECT 2656, 3080, 2681, 3205
RECT 3080, 2532, 3205, 2557
RECT 3080, 2656, 3205, 2681
RECT 2257, 2382, 2307, 2432
RECT 2257, 2781, 2307, 2831
RECT 2781, 2257, 2831, 2307
RECT 2781, 2906, 2831, 2956
RECT 2457, 2182, 2482, 2257
RECT 2457, 2956, 2482, 3031
RECT 2956, 2457, 3031, 2482
RECT 2956, 2731, 3031, 2756
RECT 2008, 2557, 2058, 2582
RECT 2008, 2631, 2058, 2656
RECT 2382, 2282, 2407, 2332
RECT 2382, 2881, 2407, 2931
RECT 2557, 2008, 2582, 2058
RECT 2557, 3155, 2582, 3205
RECT 2631, 2008, 2656, 2058
RECT 2631, 3155, 2656, 3205
RECT 2881, 2382, 2931, 2407
RECT 2881, 2806, 2931, 2831
RECT 3155, 2557, 3205, 2582
RECT 3155, 2631, 3205, 2656
RECT 2182, 2482, 2207, 2507
RECT 2182, 2706, 2207, 2731
RECT 2257, 2432, 2282, 2457
RECT 2257, 2756, 2282, 2781
RECT 2307, 2382, 2332, 2407
RECT 2307, 2806, 2332, 2831
RECT 2407, 2282, 2432, 2307
RECT 2407, 2906, 2432, 2931
RECT 2482, 2182, 2507, 2207
RECT 2482, 3006, 2507, 3031
RECT 2706, 2182, 2731, 2207
RECT 2706, 3006, 2731, 3031
RECT 2756, 2257, 2781, 2282
RECT 2756, 2931, 2781, 2956
RECT 2806, 2307, 2831, 2332
RECT 2806, 2881, 2831, 2906
RECT 2906, 2407, 2931, 2432
RECT 2906, 2781, 2931, 2806
RECT 3006, 2482, 3031, 2507
RECT 3006, 2706, 3031, 2731
END


D square_v0.97_d1800_x_0_y_-1, 1746, 1746, 57, 1
I 2
C 200
RECT 1734, 1459, 3480, 1734
RECT 1734, 985, 2257, 1459
RECT 2956, 985, 3480, 1459
RECT 2257, 1210, 2482, 1459
RECT 2731, 1210, 2956, 1459
RECT 1734, 861, 2008, 985
RECT 3205, 861, 3480, 985
RECT 2257, 1085, 2382, 1210
RECT 2831, 1085, 2956, 1210
RECT 2008, 910, 2133, 985
RECT 2482, 1334, 2557, 1459
RECT 2656, 1334, 2731, 1459
RECT 3080, 910, 3205, 985
RECT 1734, 836, 1883, 861
RECT 3330, 836, 3480, 861
RECT 2133, 935, 2182, 985
RECT 2257, 1035, 2307, 1085
RECT 2382, 1160, 2432, 1210
RECT 2482, 1285, 2532, 1334
RECT 2681, 1285, 2731, 1334
RECT 2781, 1160, 2831, 1210
RECT 2906, 1035, 2956, 1085
RECT 3031, 935, 3080, 985
RECT 2008, 885, 2058, 910
RECT 2557, 1409, 2582, 1459
RECT 2631, 1409, 2656, 1459
RECT 3155, 885, 3205, 910
RECT 2182, 960, 2207, 985
RECT 2257, 1010, 2282, 1035
RECT 2307, 1060, 2332, 1085
RECT 2382, 1135, 2407, 1160
RECT 2432, 1185, 2457, 1210
RECT 2482, 1260, 2507, 1285
RECT 2706, 1260, 2731, 1285
RECT 2756, 1185, 2781, 1210
RECT 2806, 1135, 2831, 1160
RECT 2881, 1060, 2906, 1085
RECT 2931, 1010, 2956, 1035
RECT 3006, 960, 3031, 985
END


D square_v0.97_d1800_x_-1_y_1
I 2
C 200
RECT 1085, 103002, 1734, 103650
RECT 910, 103002, 1085, 103401
RECT 1334, 103650, 1734, 103825
RECT 861, 103002, 910, 103276
RECT 1459, 103825, 1734, 103875
RECT 985, 103401, 1085, 103525
RECT 1210, 103650, 1334, 103750
RECT 836, 103002, 861, 103151
RECT 1584, 103875, 1734, 103899
RECT 935, 103401, 985, 103450
RECT 1035, 103525, 1085, 103575
RECT 1160, 103650, 1210, 103700
RECT 1285, 103750, 1334, 103800
RECT 885, 103276, 910, 103326
RECT 1409, 103825, 1459, 103850
RECT 960, 103450, 985, 103475
RECT 1010, 103525, 1035, 103550
RECT 1060, 103575, 1085, 103600
RECT 1135, 103650, 1160, 103675
RECT 1185, 103700, 1210, 103725
RECT 1260, 103750, 1285, 103775
END


D square_v0.97_d1800_x_-1_y_0, 1746, 1746, 1, 57
I 2
C 200
RECT 1459, 1734, 1734, 3480
RECT 985, 1734, 1459, 2257
RECT 985, 2956, 1459, 3480
RECT 1210, 2257, 1459, 2482
RECT 1210, 2731, 1459, 2956
RECT 861, 1734, 985, 2008
RECT 861, 3205, 985, 3480
RECT 1085, 2257, 1210, 2382
RECT 1085, 2831, 1210, 2956
RECT 910, 2008, 985, 2133
RECT 910, 3080, 985, 3205
RECT 1334, 2482, 1459, 2557
RECT 1334, 2656, 1459, 2731
RECT 836, 1734, 861, 1883
RECT 836, 3330, 861, 3480
RECT 935, 2133, 985, 2182
RECT 935, 3031, 985, 3080
RECT 1035, 2257, 1085, 2307
RECT 1035, 2906, 1085, 2956
RECT 1160, 2382, 1210, 2432
RECT 1160, 2781, 1210, 2831
RECT 1285, 2482, 1334, 2532
RECT 1285, 2681, 1334, 2731
RECT 885, 2008, 910, 2058
RECT 885, 3155, 910, 3205
RECT 1409, 2557, 1459, 2582
RECT 1409, 2631, 1459, 2656
RECT 960, 2182, 985, 2207
RECT 960, 3006, 985, 3031
RECT 1010, 2257, 1035, 2282
RECT 1010, 2931, 1035, 2956
RECT 1060, 2307, 1085, 2332
RECT 1060, 2881, 1085, 2906
RECT 1135, 2382, 1160, 2407
RECT 1135, 2806, 1160, 2831
RECT 1185, 2432, 1210, 2457
RECT 1185, 2756, 1210, 2781
RECT 1260, 2482, 1285, 2507
RECT 1260, 2706, 1285, 2731
END


D square_v0.97_d1800_x_-1_y_-1
I 2
C 200
RECT 1085, 2831, 1734, 3480
RECT 910, 3080, 1085, 3480
RECT 1334, 2656, 1734, 2831
RECT 861, 3205, 910, 3480
RECT 1459, 2607, 1734, 2656
RECT 985, 2956, 1085, 3080
RECT 1210, 2731, 1334, 2831
RECT 836, 3330, 861, 3480
RECT 1584, 2582, 1734, 2607
RECT 935, 3031, 985, 3080
RECT 1035, 2906, 1085, 2956
RECT 1160, 2781, 1210, 2831
RECT 1285, 2681, 1334, 2731
RECT 885, 3155, 910, 3205
RECT 1409, 2631, 1459, 2656
RECT 960, 3006, 985, 3031
RECT 1010, 2931, 1035, 2956
RECT 1060, 2881, 1085, 2906
RECT 1135, 2806, 1160, 2831
RECT 1185, 2756, 1210, 2781
RECT 1260, 2706, 1285, 2731
END





D square_v0.97_d2100_x_1_y_1
I 2
C 200
RECT 101838, 103875, 102583, 104620
RECT 101838, 104620, 102260, 104843
RECT 102583, 103875, 102806, 104297
RECT 102260, 104620, 102409, 104769
RECT 102583, 104297, 102682, 104520
RECT 101838, 104843, 102036, 104918
RECT 102806, 103875, 102856, 104173
RECT 102409, 104620, 102483, 104719
RECT 102682, 104297, 102732, 104446
RECT 102036, 104843, 102136, 104893
RECT 102856, 103875, 102881, 104073
RECT 102260, 104769, 102310, 104819
RECT 102483, 104620, 102533, 104670
RECT 102583, 104520, 102633, 104570
RECT 102732, 104297, 102757, 104396
RECT 102136, 104843, 102210, 104868
RECT 102806, 104173, 102831, 104247
RECT 102310, 104769, 102359, 104794
RECT 102757, 104297, 102782, 104347
RECT 102409, 104719, 102434, 104744
RECT 102483, 104670, 102508, 104694
RECT 102533, 104620, 102558, 104645
RECT 102583, 104570, 102608, 104595
RECT 102633, 104520, 102657, 104545
RECT 102682, 104446, 102707, 104471
END


D square_v0.97_d2100_x_1_y_0, 2037, 2037, 1, 49
I 2
C 200
RECT 101838, 2025, 102136, 4062
RECT 102136, 2025, 102682, 2670
RECT 102136, 3416, 102682, 4062
RECT 102136, 2670, 102483, 2869
RECT 102136, 3217, 102483, 3416
RECT 102682, 2025, 102831, 2397
RECT 102682, 3689, 102831, 4062
RECT 102136, 2869, 102310, 2969
RECT 102136, 3118, 102310, 3217
RECT 102682, 2397, 102757, 2546
RECT 102682, 3540, 102757, 3689
RECT 102483, 2670, 102583, 2770
RECT 102483, 3316, 102583, 3416
RECT 102831, 2025, 102881, 2223
RECT 102831, 3863, 102881, 4062
RECT 102310, 2869, 102409, 2919
RECT 102310, 3167, 102409, 3217
RECT 102136, 2969, 102210, 3018
RECT 102136, 3068, 102210, 3118
RECT 102483, 2770, 102533, 2820
RECT 102483, 3267, 102533, 3316
RECT 102583, 2670, 102633, 2720
RECT 102583, 3366, 102633, 3416
RECT 102682, 2546, 102732, 2596
RECT 102682, 3490, 102732, 3540
RECT 102757, 2397, 102782, 2497
RECT 102757, 3590, 102782, 3689
RECT 102831, 2223, 102856, 2323
RECT 102831, 3763, 102856, 3863
RECT 102210, 2969, 102260, 2993
RECT 102210, 3093, 102260, 3118
RECT 102310, 2919, 102359, 2944
RECT 102310, 3142, 102359, 3167
RECT 102782, 2397, 102806, 2447
RECT 102782, 3639, 102806, 3689
RECT 102409, 2869, 102434, 2894
RECT 102409, 3192, 102434, 3217
RECT 102483, 2820, 102508, 2844
RECT 102483, 3242, 102508, 3267
RECT 102533, 2770, 102558, 2795
RECT 102533, 3291, 102558, 3316
RECT 102583, 2720, 102608, 2745
RECT 102583, 3341, 102608, 3366
RECT 102633, 2670, 102657, 2695
RECT 102633, 3391, 102657, 3416
RECT 102682, 2596, 102707, 2621
RECT 102682, 3465, 102707, 3490
END


D square_v0.97_d2100_x_1_y_-1
I 2
C 200
RECT 101838, 3316, 102583, 4062
RECT 101838, 3093, 102260, 3316
RECT 102583, 3639, 102806, 4062
RECT 102260, 3167, 102409, 3316
RECT 102583, 3416, 102682, 3639
RECT 101838, 3018, 102036, 3093
RECT 102806, 3763, 102856, 4062
RECT 102409, 3217, 102483, 3316
RECT 102682, 3490, 102732, 3639
RECT 102036, 3043, 102136, 3093
RECT 102856, 3863, 102881, 4062
RECT 102260, 3118, 102310, 3167
RECT 102483, 3267, 102533, 3316
RECT 102583, 3366, 102633, 3416
RECT 102732, 3540, 102757, 3639
RECT 102136, 3068, 102210, 3093
RECT 102806, 3689, 102831, 3763
RECT 102310, 3142, 102359, 3167
RECT 102757, 3590, 102782, 3639
RECT 102409, 3192, 102434, 3217
RECT 102483, 3242, 102508, 3267
RECT 102533, 3291, 102558, 3316
RECT 102583, 3341, 102608, 3366
RECT 102633, 3391, 102657, 3416
RECT 102682, 3465, 102707, 3490
END


D square_v0.97_d2100_x_0_y_1, 2037, 2037, 49, 1
I 2
C 200
RECT 2025, 101838, 4062, 102136
RECT 2025, 102136, 2670, 102682
RECT 3416, 102136, 4062, 102682
RECT 2670, 102136, 2869, 102483
RECT 3217, 102136, 3416, 102483
RECT 2025, 102682, 2397, 102831
RECT 3689, 102682, 4062, 102831
RECT 2869, 102136, 2969, 102310
RECT 3118, 102136, 3217, 102310
RECT 2397, 102682, 2546, 102757
RECT 3540, 102682, 3689, 102757
RECT 2025, 102831, 2223, 102881
RECT 2670, 102483, 2770, 102583
RECT 3316, 102483, 3416, 102583
RECT 3863, 102831, 4062, 102881
RECT 2869, 102310, 2919, 102409
RECT 3167, 102310, 3217, 102409
RECT 2969, 102136, 3018, 102210
RECT 3068, 102136, 3118, 102210
RECT 2223, 102831, 2323, 102856
RECT 2397, 102757, 2447, 102806
RECT 2546, 102682, 2596, 102732
RECT 2670, 102583, 2720, 102633
RECT 2770, 102483, 2820, 102533
RECT 3267, 102483, 3316, 102533
RECT 3366, 102583, 3416, 102633
RECT 3490, 102682, 3540, 102732
RECT 3590, 102757, 3689, 102782
RECT 3763, 102831, 3863, 102856
RECT 2447, 102757, 2497, 102782
RECT 2919, 102310, 2944, 102359
RECT 2969, 102210, 2993, 102260
RECT 3093, 102210, 3118, 102260
RECT 3142, 102310, 3167, 102359
RECT 3639, 102782, 3689, 102806
RECT 2596, 102682, 2621, 102707
RECT 2670, 102633, 2695, 102657
RECT 2720, 102583, 2745, 102608
RECT 2770, 102533, 2795, 102558
RECT 2820, 102483, 2844, 102508
RECT 2869, 102409, 2894, 102434
RECT 3192, 102409, 3217, 102434
RECT 3242, 102483, 3267, 102508
RECT 3291, 102533, 3316, 102558
RECT 3341, 102583, 3366, 102608
RECT 3391, 102633, 3416, 102657
RECT 3465, 102682, 3490, 102707
END


D square_v0.97_d2100_x_0_y_0, 2037, 2037, 49, 49
I 2
C 200
RECT 2025, 2025, 2323, 4062
RECT 3763, 2025, 4062, 4062
RECT 2323, 2025, 3763, 2323
RECT 2323, 3763, 3763, 4062
RECT 2323, 2323, 2770, 2770
RECT 2323, 3316, 2770, 3763
RECT 3316, 2323, 3763, 2770
RECT 3316, 3316, 3763, 3763
RECT 2323, 2770, 2596, 2919
RECT 2323, 3167, 2596, 3316
RECT 2770, 2323, 2919, 2596
RECT 2770, 3490, 2919, 3763
RECT 3167, 2323, 3316, 2596
RECT 3167, 3490, 3316, 3763
RECT 3490, 2770, 3763, 2919
RECT 3490, 3167, 3763, 3316
RECT 2323, 2919, 2447, 2993
RECT 2323, 3093, 2447, 3167
RECT 2919, 2323, 2993, 2447
RECT 2919, 3639, 2993, 3763
RECT 3093, 2323, 3167, 2447
RECT 3093, 3639, 3167, 3763
RECT 3639, 2919, 3763, 2993
RECT 3639, 3093, 3763, 3167
RECT 2596, 2770, 2670, 2869
RECT 2596, 3217, 2670, 3316
RECT 2770, 2596, 2844, 2695
RECT 2770, 3391, 2844, 3490
RECT 3217, 2596, 3316, 2670
RECT 3217, 3416, 3316, 3490
RECT 3391, 2770, 3490, 2844
RECT 3391, 3242, 3490, 3316
RECT 2447, 2919, 2497, 2969
RECT 2447, 3118, 2497, 3167
RECT 2670, 2770, 2720, 2820
RECT 2670, 3267, 2720, 3316
RECT 2919, 2447, 2944, 2546
RECT 2919, 3540, 2944, 3639
RECT 3118, 2447, 3167, 2497
RECT 3118, 3590, 3167, 3639
RECT 3267, 2670, 3316, 2720
RECT 3267, 3366, 3316, 3416
RECT 3540, 2919, 3639, 2944
RECT 3540, 3142, 3639, 3167
RECT 2323, 2993, 2397, 3018
RECT 2323, 3068, 2397, 3093
RECT 2844, 2596, 2869, 2670
RECT 2844, 3416, 2869, 3490
RECT 2993, 2323, 3018, 2397
RECT 2993, 3689, 3018, 3763
RECT 3068, 2323, 3093, 2397
RECT 3068, 3689, 3093, 3763
RECT 3416, 2844, 3490, 2869
RECT 3416, 3217, 3490, 3242
RECT 3689, 2993, 3763, 3018
RECT 3689, 3068, 3763, 3093
RECT 2497, 2919, 2546, 2944
RECT 2497, 3142, 2546, 3167
RECT 2770, 2695, 2795, 2745
RECT 2770, 3341, 2795, 3391
RECT 2944, 2447, 2969, 2497
RECT 2944, 3590, 2969, 3639
RECT 3142, 2497, 3167, 2546
RECT 3142, 3540, 3167, 3590
RECT 3341, 2770, 3391, 2795
RECT 3341, 3291, 3391, 3316
RECT 3590, 2944, 3639, 2969
RECT 3590, 3118, 3639, 3142
RECT 2596, 2869, 2621, 2894
RECT 2596, 3192, 2621, 3217
RECT 2670, 2820, 2695, 2844
RECT 2670, 3242, 2695, 3267
RECT 2720, 2770, 2745, 2795
RECT 2720, 3291, 2745, 3316
RECT 2795, 2695, 2820, 2720
RECT 2795, 3366, 2820, 3391
RECT 2869, 2596, 2894, 2621
RECT 2869, 3465, 2894, 3490
RECT 3192, 2596, 3217, 2621
RECT 3192, 3465, 3217, 3490
RECT 3242, 2670, 3267, 2695
RECT 3242, 3391, 3267, 3416
RECT 3291, 2720, 3316, 2745
RECT 3291, 3341, 3316, 3366
RECT 3366, 2795, 3391, 2820
RECT 3366, 3267, 3391, 3291
RECT 3465, 2869, 3490, 2894
RECT 3465, 3192, 3490, 3217
END


D square_v0.97_d2100_x_0_y_-1, 2037, 2037, 49, 1
I 2
C 200
RECT 2025, 1726, 4062, 2025
RECT 2025, 1180, 2670, 1726
RECT 3416, 1180, 4062, 1726
RECT 2670, 1379, 2869, 1726
RECT 3217, 1379, 3416, 1726
RECT 2025, 1031, 2397, 1180
RECT 3689, 1031, 4062, 1180
RECT 2869, 1553, 2969, 1726
RECT 3118, 1553, 3217, 1726
RECT 2397, 1105, 2546, 1180
RECT 3540, 1105, 3689, 1180
RECT 2025, 981, 2223, 1031
RECT 2670, 1279, 2770, 1379
RECT 3316, 1279, 3416, 1379
RECT 3863, 981, 4062, 1031
RECT 2869, 1453, 2919, 1553
RECT 3167, 1453, 3217, 1553
RECT 2969, 1652, 3018, 1726
RECT 3068, 1652, 3118, 1726
RECT 2223, 1006, 2323, 1031
RECT 2397, 1056, 2447, 1105
RECT 2546, 1130, 2596, 1180
RECT 2670, 1230, 2720, 1279
RECT 2770, 1329, 2820, 1379
RECT 3267, 1329, 3316, 1379
RECT 3366, 1230, 3416, 1279
RECT 3490, 1130, 3540, 1180
RECT 3590, 1081, 3689, 1105
RECT 3763, 1006, 3863, 1031
RECT 2447, 1081, 2497, 1105
RECT 2919, 1503, 2944, 1553
RECT 2969, 1602, 2993, 1652
RECT 3093, 1602, 3118, 1652
RECT 3142, 1503, 3167, 1553
RECT 3639, 1056, 3689, 1081
RECT 2596, 1155, 2621, 1180
RECT 2670, 1205, 2695, 1230
RECT 2720, 1254, 2745, 1279
RECT 2770, 1304, 2795, 1329
RECT 2820, 1354, 2844, 1379
RECT 2869, 1428, 2894, 1453
RECT 3192, 1428, 3217, 1453
RECT 3242, 1354, 3267, 1379
RECT 3291, 1304, 3316, 1329
RECT 3341, 1254, 3366, 1279
RECT 3391, 1205, 3416, 1230
RECT 3465, 1155, 3490, 1180
END


D square_v0.97_d2100_x_-1_y_1
I 2
C 200
RECT 1279, 103875, 2025, 104620
RECT 1056, 103875, 1279, 104297
RECT 1602, 104620, 2025, 104843
RECT 1130, 104297, 1279, 104446
RECT 1379, 104620, 1602, 104719
RECT 981, 103875, 1056, 104073
RECT 1726, 104843, 2025, 104893
RECT 1180, 104446, 1279, 104520
RECT 1453, 104719, 1602, 104769
RECT 1006, 104073, 1056, 104173
RECT 1826, 104893, 2025, 104918
RECT 1081, 104297, 1130, 104347
RECT 1230, 104520, 1279, 104570
RECT 1329, 104620, 1379, 104670
RECT 1503, 104769, 1602, 104794
RECT 1031, 104173, 1056, 104247
RECT 1652, 104843, 1726, 104868
RECT 1105, 104347, 1130, 104396
RECT 1553, 104794, 1602, 104819
RECT 1155, 104446, 1180, 104471
RECT 1205, 104520, 1230, 104545
RECT 1254, 104570, 1279, 104595
RECT 1304, 104620, 1329, 104645
RECT 1354, 104670, 1379, 104694
RECT 1428, 104719, 1453, 104744
END


D square_v0.97_d2100_x_-1_y_0, 2037, 2037, 1, 49
I 2
C 200
RECT 1726, 2025, 2025, 4062
RECT 1180, 2025, 1726, 2670
RECT 1180, 3416, 1726, 4062
RECT 1379, 2670, 1726, 2869
RECT 1379, 3217, 1726, 3416
RECT 1031, 2025, 1180, 2397
RECT 1031, 3689, 1180, 4062
RECT 1553, 2869, 1726, 2969
RECT 1553, 3118, 1726, 3217
RECT 1105, 2397, 1180, 2546
RECT 1105, 3540, 1180, 3689
RECT 981, 2025, 1031, 2223
RECT 981, 3863, 1031, 4062
RECT 1279, 2670, 1379, 2770
RECT 1279, 3316, 1379, 3416
RECT 1453, 2869, 1553, 2919
RECT 1453, 3167, 1553, 3217
RECT 1652, 2969, 1726, 3018
RECT 1652, 3068, 1726, 3118
RECT 1006, 2223, 1031, 2323
RECT 1006, 3763, 1031, 3863
RECT 1056, 2397, 1105, 2447
RECT 1056, 3639, 1105, 3689
RECT 1130, 2546, 1180, 2596
RECT 1130, 3490, 1180, 3540
RECT 1230, 2670, 1279, 2720
RECT 1230, 3366, 1279, 3416
RECT 1329, 2770, 1379, 2820
RECT 1329, 3267, 1379, 3316
RECT 1081, 2447, 1105, 2497
RECT 1081, 3590, 1105, 3639
RECT 1503, 2919, 1553, 2944
RECT 1503, 3142, 1553, 3167
RECT 1602, 2969, 1652, 2993
RECT 1602, 3093, 1652, 3118
RECT 1155, 2596, 1180, 2621
RECT 1155, 3465, 1180, 3490
RECT 1205, 2670, 1230, 2695
RECT 1205, 3391, 1230, 3416
RECT 1254, 2720, 1279, 2745
RECT 1254, 3341, 1279, 3366
RECT 1304, 2770, 1329, 2795
RECT 1304, 3291, 1329, 3316
RECT 1354, 2820, 1379, 2844
RECT 1354, 3242, 1379, 3267
RECT 1428, 2869, 1453, 2894
RECT 1428, 3192, 1453, 3217
END


D square_v0.97_d2100_x_-1_y_-1
I 2
C 200
RECT 1279, 3316, 2025, 4062
RECT 1056, 3639, 1279, 4062
RECT 1602, 3093, 2025, 3316
RECT 1130, 3490, 1279, 3639
RECT 1379, 3217, 1602, 3316
RECT 981, 3863, 1056, 4062
RECT 1726, 3043, 2025, 3093
RECT 1180, 3416, 1279, 3490
RECT 1453, 3167, 1602, 3217
RECT 1006, 3763, 1056, 3863
RECT 1826, 3018, 2025, 3043
RECT 1081, 3590, 1130, 3639
RECT 1230, 3366, 1279, 3416
RECT 1329, 3267, 1379, 3316
RECT 1503, 3142, 1602, 3167
RECT 1031, 3689, 1056, 3763
RECT 1652, 3068, 1726, 3093
RECT 1105, 3540, 1130, 3590
RECT 1553, 3118, 1602, 3142
RECT 1155, 3465, 1180, 3490
RECT 1205, 3391, 1230, 3416
RECT 1254, 3341, 1279, 3366
RECT 1304, 3291, 1329, 3316
RECT 1354, 3242, 1379, 3267
RECT 1428, 3192, 1453, 3217
END





D square_v1.05_d1800_x_1_y_1
I 2
C 200
RECT 100158, 102048, 100804, 102694
RECT 100158, 102694, 100506, 102893
RECT 100804, 102048, 100978, 102445
RECT 100506, 102694, 100680, 102794
RECT 100978, 102048, 101028, 102321
RECT 100804, 102445, 100904, 102570
RECT 100158, 102893, 100332, 102943
RECT 100506, 102794, 100605, 102843
RECT 101028, 102048, 101053, 102222
RECT 100680, 102694, 100754, 102744
RECT 100332, 102893, 100431, 102918
RECT 100804, 102570, 100829, 102669
RECT 100904, 102445, 100953, 102495
RECT 100978, 102321, 101003, 102396
RECT 100506, 102843, 100555, 102868
RECT 100829, 102570, 100854, 102620
RECT 100605, 102794, 100630, 102818
RECT 100680, 102744, 100705, 102769
RECT 100754, 102694, 100779, 102719
RECT 100854, 102570, 100879, 102595
RECT 100904, 102495, 100928, 102520
END


D square_v1.05_d1800_x_1_y_0, 1890, 1890, 1, 52
I 2
C 200
RECT 100158, 1878, 100804, 2524
RECT 100158, 3121, 100804, 3768
RECT 100158, 2524, 100506, 2723
RECT 100158, 2922, 100506, 3121
RECT 100804, 1878, 100978, 2275
RECT 100804, 3370, 100978, 3768
RECT 100506, 2524, 100680, 2624
RECT 100506, 3022, 100680, 3121
RECT 100978, 1878, 101028, 2151
RECT 100978, 3494, 101028, 3768
RECT 100804, 2275, 100904, 2400
RECT 100804, 3245, 100904, 3370
RECT 100158, 2723, 100332, 2773
RECT 100158, 2872, 100332, 2922
RECT 100506, 2624, 100605, 2673
RECT 100506, 2972, 100605, 3022
RECT 101028, 1878, 101053, 2052
RECT 101028, 3593, 101053, 3768
RECT 100680, 2524, 100754, 2574
RECT 100680, 3071, 100754, 3121
RECT 100804, 3171, 100854, 3245
RECT 100332, 2723, 100431, 2748
RECT 100332, 2897, 100431, 2922
RECT 100804, 2400, 100829, 2499
RECT 100904, 2275, 100953, 2325
RECT 100904, 3320, 100953, 3370
RECT 100978, 2151, 101003, 2226
RECT 100978, 3419, 101003, 3494
RECT 100506, 2673, 100555, 2698
RECT 100506, 2947, 100555, 2972
RECT 100829, 2400, 100854, 2450
RECT 100605, 2624, 100630, 2648
RECT 100605, 2997, 100630, 3022
RECT 100680, 2574, 100705, 2599
RECT 100680, 3046, 100705, 3071
RECT 100754, 2524, 100779, 2549
RECT 100754, 3096, 100779, 3121
RECT 100804, 3146, 100829, 3171
RECT 100854, 2400, 100879, 2425
RECT 100854, 3220, 100879, 3245
RECT 100904, 2325, 100928, 2350
RECT 100904, 3295, 100928, 3320
END


D square_v1.05_d1800_x_1_y_-1
I 2
C 200
RECT 100158, 3121, 100804, 3768
RECT 100158, 2922, 100506, 3121
RECT 100804, 3370, 100978, 3768
RECT 100506, 3022, 100680, 3121
RECT 100978, 3494, 101028, 3768
RECT 100804, 3245, 100904, 3370
RECT 100158, 2872, 100332, 2922
RECT 100506, 2972, 100605, 3022
RECT 101028, 3593, 101053, 3768
RECT 100680, 3071, 100754, 3121
RECT 100804, 3171, 100854, 3245
RECT 100332, 2897, 100431, 2922
RECT 100904, 3320, 100953, 3370
RECT 100978, 3419, 101003, 3494
RECT 100506, 2947, 100555, 2972
RECT 100605, 2997, 100630, 3022
RECT 100680, 3046, 100705, 3071
RECT 100754, 3096, 100779, 3121
RECT 100804, 3146, 100829, 3171
RECT 100854, 3220, 100879, 3245
RECT 100904, 3295, 100928, 3320
END


D square_v1.05_d1800_x_0_y_1, 1890, 1890, 52, 1
I 2
C 200
RECT 1878, 100158, 2524, 100804
RECT 3121, 100158, 3768, 100804
RECT 1878, 100804, 2226, 101003
RECT 2524, 100158, 2698, 100555
RECT 2922, 100158, 3121, 100506
RECT 3370, 100804, 3768, 100978
RECT 2226, 100804, 2400, 100904
RECT 3022, 100506, 3121, 100680
RECT 2698, 100158, 2748, 100431
RECT 3494, 100978, 3768, 101028
RECT 2524, 100555, 2624, 100680
RECT 3245, 100804, 3370, 100904
RECT 1878, 101003, 2052, 101053
RECT 2872, 100158, 2922, 100332
RECT 2226, 100904, 2325, 100953
RECT 2972, 100506, 3022, 100605
RECT 2748, 100158, 2773, 100332
RECT 3593, 101028, 3768, 101053
RECT 2400, 100804, 2474, 100854
RECT 3071, 100680, 3121, 100754
RECT 3171, 100804, 3245, 100854
RECT 2052, 101003, 2151, 101028
RECT 2524, 100680, 2549, 100779
RECT 2624, 100555, 2673, 100605
RECT 2897, 100332, 2922, 100431
RECT 3320, 100904, 3370, 100953
RECT 2698, 100431, 2723, 100506
RECT 3419, 100978, 3494, 101003
RECT 2226, 100953, 2275, 100978
RECT 2549, 100680, 2574, 100730
RECT 2947, 100506, 2972, 100555
RECT 2325, 100904, 2350, 100928
RECT 2400, 100854, 2425, 100879
RECT 2474, 100804, 2499, 100829
RECT 2574, 100680, 2599, 100705
RECT 2624, 100605, 2648, 100630
RECT 2997, 100605, 3022, 100630
RECT 3046, 100680, 3071, 100705
RECT 3096, 100754, 3121, 100779
RECT 3146, 100804, 3171, 100829
RECT 3220, 100854, 3245, 100879
RECT 3295, 100904, 3320, 100928
END


D square_v1.05_d1800_x_0_y_0, 1890, 1890, 52, 52
I 2
C 200
RECT 1878, 1878, 2524, 2524
RECT 1878, 3121, 2524, 3768
RECT 3121, 1878, 3768, 2524
RECT 3121, 3121, 3768, 3768
RECT 1878, 2524, 2226, 2723
RECT 1878, 2922, 2226, 3121
RECT 2524, 1878, 2698, 2275
RECT 2524, 3370, 2698, 3768
RECT 2922, 1878, 3121, 2226
RECT 2922, 3419, 3121, 3768
RECT 3370, 2524, 3768, 2698
RECT 3370, 2947, 3768, 3121
RECT 2226, 2524, 2400, 2624
RECT 2226, 3022, 2400, 3121
RECT 3022, 2226, 3121, 2400
RECT 3022, 3245, 3121, 3419
RECT 2698, 1878, 2748, 2151
RECT 2698, 3494, 2748, 3768
RECT 3494, 2698, 3768, 2748
RECT 3494, 2897, 3768, 2947
RECT 2524, 2275, 2624, 2400
RECT 2524, 3245, 2624, 3370
RECT 3245, 2524, 3370, 2624
RECT 3245, 3022, 3370, 3121
RECT 1878, 2723, 2052, 2773
RECT 1878, 2872, 2052, 2922
RECT 2872, 1878, 2922, 2052
RECT 2872, 3593, 2922, 3768
RECT 2226, 2624, 2325, 2673
RECT 2226, 2972, 2325, 3022
RECT 2972, 2226, 3022, 2325
RECT 2972, 3320, 3022, 3419
RECT 2748, 1878, 2773, 2052
RECT 2748, 3593, 2773, 3768
RECT 3593, 2748, 3768, 2773
RECT 3593, 2872, 3768, 2897
RECT 2400, 2524, 2474, 2574
RECT 2400, 3071, 2474, 3121
RECT 2524, 3171, 2574, 3245
RECT 3071, 2400, 3121, 2474
RECT 3071, 3171, 3121, 3245
RECT 3171, 2524, 3245, 2574
RECT 2052, 2723, 2151, 2748
RECT 2052, 2897, 2151, 2922
RECT 2524, 2400, 2549, 2499
RECT 2624, 2275, 2673, 2325
RECT 2624, 3320, 2673, 3370
RECT 2897, 2052, 2922, 2151
RECT 2897, 3494, 2922, 3593
RECT 3146, 3096, 3245, 3121
RECT 3320, 2624, 3370, 2673
RECT 3320, 2972, 3370, 3022
RECT 2698, 2151, 2723, 2226
RECT 2698, 3419, 2723, 3494
RECT 3419, 2698, 3494, 2723
RECT 3419, 2922, 3494, 2947
RECT 2226, 2673, 2275, 2698
RECT 2226, 2947, 2275, 2972
RECT 2549, 2400, 2574, 2450
RECT 2947, 2226, 2972, 2275
RECT 2947, 3370, 2972, 3419
RECT 3196, 3071, 3245, 3096
RECT 2325, 2624, 2350, 2648
RECT 2325, 2997, 2350, 3022
RECT 2400, 2574, 2425, 2599
RECT 2400, 3046, 2425, 3071
RECT 2474, 2524, 2499, 2549
RECT 2474, 3096, 2499, 3121
RECT 2524, 3146, 2549, 3171
RECT 2574, 2400, 2599, 2425
RECT 2574, 3220, 2599, 3245
RECT 2624, 2325, 2648, 2350
RECT 2624, 3295, 2648, 3320
RECT 2997, 2325, 3022, 2350
RECT 2997, 3295, 3022, 3320
RECT 3046, 2400, 3071, 2425
RECT 3046, 3220, 3071, 3245
RECT 3096, 2474, 3121, 2499
RECT 3096, 3146, 3121, 3171
RECT 3146, 2524, 3171, 2549
RECT 3220, 2574, 3245, 2599
RECT 3220, 3046, 3245, 3071
RECT 3295, 2624, 3320, 2648
RECT 3295, 2997, 3320, 3022
END


D square_v1.05_d1800_x_0_y_-1, 1890, 1890, 52, 1
I 2
C 200
RECT 1878, 1231, 2524, 1878
RECT 3121, 1231, 3768, 1878
RECT 1878, 1032, 2226, 1231
RECT 2524, 1480, 2698, 1878
RECT 2922, 1529, 3121, 1878
RECT 3370, 1057, 3768, 1231
RECT 2226, 1132, 2400, 1231
RECT 3022, 1355, 3121, 1529
RECT 2698, 1604, 2748, 1878
RECT 3494, 1007, 3768, 1057
RECT 2524, 1355, 2624, 1480
RECT 3245, 1132, 3370, 1231
RECT 1878, 982, 2052, 1032
RECT 2872, 1703, 2922, 1878
RECT 2226, 1082, 2325, 1132
RECT 2972, 1430, 3022, 1529
RECT 2748, 1703, 2773, 1878
RECT 3593, 982, 3768, 1007
RECT 2400, 1181, 2474, 1231
RECT 2524, 1281, 2574, 1355
RECT 3071, 1281, 3121, 1355
RECT 2052, 1007, 2151, 1032
RECT 2624, 1430, 2673, 1480
RECT 2897, 1604, 2922, 1703
RECT 3146, 1206, 3245, 1231
RECT 3320, 1082, 3370, 1132
RECT 2698, 1529, 2723, 1604
RECT 3419, 1032, 3494, 1057
RECT 2226, 1057, 2275, 1082
RECT 2947, 1480, 2972, 1529
RECT 3196, 1181, 3245, 1206
RECT 2325, 1107, 2350, 1132
RECT 2400, 1156, 2425, 1181
RECT 2474, 1206, 2499, 1231
RECT 2524, 1256, 2549, 1281
RECT 2574, 1330, 2599, 1355
RECT 2624, 1405, 2648, 1430
RECT 2997, 1405, 3022, 1430
RECT 3046, 1330, 3071, 1355
RECT 3096, 1256, 3121, 1281
RECT 3220, 1156, 3245, 1181
RECT 3295, 1107, 3320, 1132
END


D square_v1.05_d1800_x_-1_y_1
I 2
C 200
RECT 1231, 102048, 1878, 102694
RECT 1032, 102048, 1231, 102396
RECT 1480, 102694, 1878, 102868
RECT 1132, 102396, 1231, 102570
RECT 1604, 102868, 1878, 102918
RECT 1355, 102694, 1480, 102794
RECT 982, 102048, 1032, 102222
RECT 1082, 102396, 1132, 102495
RECT 1703, 102918, 1878, 102943
RECT 1181, 102570, 1231, 102644
RECT 1281, 102694, 1355, 102744
RECT 1007, 102222, 1032, 102321
RECT 1430, 102794, 1480, 102843
RECT 1529, 102868, 1604, 102893
RECT 1057, 102396, 1082, 102445
RECT 1107, 102495, 1132, 102520
RECT 1156, 102570, 1181, 102595
RECT 1206, 102644, 1231, 102669
RECT 1256, 102694, 1281, 102719
RECT 1330, 102744, 1355, 102769
RECT 1405, 102794, 1430, 102818
END


D square_v1.05_d1800_x_-1_y_0, 1890, 1890, 1, 52
I 2
C 200
RECT 1231, 1878, 1878, 2524
RECT 1231, 3121, 1878, 3768
RECT 1032, 1878, 1231, 2226
RECT 1032, 3419, 1231, 3768
RECT 1480, 2524, 1878, 2698
RECT 1480, 2947, 1878, 3121
RECT 1132, 2226, 1231, 2400
RECT 1132, 3245, 1231, 3419
RECT 1604, 2698, 1878, 2748
RECT 1604, 2897, 1878, 2947
RECT 1355, 2524, 1480, 2624
RECT 1355, 3022, 1480, 3121
RECT 982, 1878, 1032, 2052
RECT 982, 3593, 1032, 3768
RECT 1082, 2226, 1132, 2325
RECT 1082, 3320, 1132, 3419
RECT 1703, 2748, 1878, 2773
RECT 1703, 2872, 1878, 2897
RECT 1181, 2400, 1231, 2474
RECT 1181, 3171, 1231, 3245
RECT 1281, 2524, 1355, 2574
RECT 1007, 2052, 1032, 2151
RECT 1007, 3494, 1032, 3593
RECT 1256, 3096, 1355, 3121
RECT 1430, 2624, 1480, 2673
RECT 1430, 2972, 1480, 3022
RECT 1529, 2698, 1604, 2723
RECT 1529, 2922, 1604, 2947
RECT 1057, 2226, 1082, 2275
RECT 1057, 3370, 1082, 3419
RECT 1306, 3071, 1355, 3096
RECT 1107, 2325, 1132, 2350
RECT 1107, 3295, 1132, 3320
RECT 1156, 2400, 1181, 2425
RECT 1156, 3220, 1181, 3245
RECT 1206, 2474, 1231, 2499
RECT 1206, 3146, 1231, 3171
RECT 1256, 2524, 1281, 2549
RECT 1330, 2574, 1355, 2599
RECT 1330, 3046, 1355, 3071
RECT 1405, 2624, 1430, 2648
RECT 1405, 2997, 1430, 3022
END


D square_v1.05_d1800_x_-1_y_-1
I 2
C 200
RECT 1231, 3121, 1878, 3768
RECT 1032, 3419, 1231, 3768
RECT 1480, 2947, 1878, 3121
RECT 1132, 3245, 1231, 3419
RECT 1604, 2897, 1878, 2947
RECT 1355, 3022, 1480, 3121
RECT 982, 3593, 1032, 3768
RECT 1082, 3320, 1132, 3419
RECT 1703, 2872, 1878, 2897
RECT 1181, 3171, 1231, 3245
RECT 1007, 3494, 1032, 3593
RECT 1256, 3096, 1355, 3121
RECT 1430, 2972, 1480, 3022
RECT 1529, 2922, 1604, 2947
RECT 1057, 3370, 1082, 3419
RECT 1306, 3071, 1355, 3096
RECT 1107, 3295, 1132, 3320
RECT 1156, 3220, 1181, 3245
RECT 1206, 3146, 1231, 3171
RECT 1330, 3046, 1355, 3071
RECT 1405, 2997, 1430, 3022
END





D square_v1.05_d2100_x_1_y_1
I 2
C 200
RECT 101418, 103623, 102161, 104366
RECT 101418, 104366, 101864, 104589
RECT 102161, 103623, 102384, 104069
RECT 101864, 104366, 102037, 104490
RECT 102161, 104069, 102285, 104242
RECT 101418, 104589, 101641, 104663
RECT 102384, 103623, 102433, 103920
RECT 101864, 104490, 101963, 104539
RECT 102285, 104069, 102334, 104168
RECT 102433, 103623, 102458, 103821
RECT 101641, 104589, 101715, 104638
RECT 102037, 104366, 102087, 104440
RECT 102161, 104242, 102210, 104316
RECT 101715, 104589, 101789, 104614
RECT 102384, 103920, 102409, 103994
RECT 101864, 104539, 101913, 104564
RECT 102087, 104366, 102111, 104415
RECT 102210, 104242, 102235, 104292
RECT 102334, 104069, 102359, 104118
RECT 101963, 104490, 101987, 104515
RECT 102037, 104440, 102062, 104465
RECT 102111, 104366, 102136, 104391
RECT 102161, 104316, 102186, 104341
RECT 102235, 104242, 102260, 104267
RECT 102285, 104168, 102310, 104192
END


D square_v1.05_d2100_x_1_y_0, 2205, 2205, 1, 45
I 2
C 200
RECT 101418, 2193, 102161, 2936
RECT 101418, 3654, 102161, 4398
RECT 101418, 2936, 101864, 3159
RECT 101418, 3431, 101864, 3654
RECT 102161, 2193, 102384, 2639
RECT 102161, 3952, 102384, 4398
RECT 101864, 2936, 102037, 3060
RECT 101864, 3530, 102037, 3654
RECT 102161, 2639, 102285, 2812
RECT 102161, 3778, 102285, 3952
RECT 101418, 3159, 101641, 3233
RECT 101418, 3357, 101641, 3431
RECT 102384, 4175, 102458, 4398
RECT 102384, 2193, 102433, 2490
RECT 101864, 3060, 101963, 3109
RECT 101864, 3481, 101963, 3530
RECT 102285, 2639, 102334, 2738
RECT 102285, 3853, 102334, 3952
RECT 102433, 2193, 102458, 2391
RECT 101641, 3159, 101715, 3208
RECT 101641, 3382, 101715, 3431
RECT 102037, 2936, 102087, 3010
RECT 102037, 3580, 102087, 3654
RECT 102161, 2812, 102210, 2886
RECT 102161, 3704, 102210, 3778
RECT 102384, 4026, 102409, 4175
RECT 101715, 3159, 101789, 3184
RECT 101715, 3407, 101789, 3431
RECT 102384, 2490, 102409, 2564
RECT 102409, 4100, 102433, 4175
RECT 101864, 3109, 101913, 3134
RECT 101864, 3456, 101913, 3481
RECT 102087, 2936, 102111, 2985
RECT 102087, 3605, 102111, 3654
RECT 102210, 2812, 102235, 2862
RECT 102210, 3729, 102235, 3778
RECT 102334, 2639, 102359, 2688
RECT 102334, 3902, 102359, 3952
RECT 101963, 3060, 101987, 3085
RECT 101963, 3506, 101987, 3530
RECT 102037, 3010, 102062, 3035
RECT 102037, 3555, 102062, 3580
RECT 102111, 2936, 102136, 2961
RECT 102111, 3630, 102136, 3654
RECT 102161, 2886, 102186, 2911
RECT 102161, 3679, 102186, 3704
RECT 102235, 2812, 102260, 2837
RECT 102235, 3753, 102260, 3778
RECT 102285, 2738, 102310, 2762
RECT 102285, 3828, 102310, 3853
END


D square_v1.05_d2100_x_1_y_-1
I 2
C 200
RECT 101418, 3654, 102161, 4398
RECT 101418, 3431, 101864, 3654
RECT 102161, 3952, 102384, 4398
RECT 101864, 3530, 102037, 3654
RECT 102161, 3778, 102285, 3952
RECT 101418, 3357, 101641, 3431
RECT 102384, 4175, 102458, 4398
RECT 101864, 3481, 101963, 3530
RECT 102285, 3853, 102334, 3952
RECT 101641, 3382, 101715, 3431
RECT 102037, 3580, 102087, 3654
RECT 102161, 3704, 102210, 3778
RECT 102384, 4026, 102409, 4175
RECT 101715, 3407, 101789, 3431
RECT 102409, 4100, 102433, 4175
RECT 101864, 3456, 101913, 3481
RECT 102087, 3605, 102111, 3654
RECT 102210, 3729, 102235, 3778
RECT 102334, 3902, 102359, 3952
RECT 101963, 3506, 101987, 3530
RECT 102037, 3555, 102062, 3580
RECT 102111, 3630, 102136, 3654
RECT 102161, 3679, 102186, 3704
RECT 102235, 3753, 102260, 3778
RECT 102285, 3828, 102310, 3853
END


D square_v1.05_d2100_x_0_y_1, 2205, 2205, 45, 1
I 2
C 200
RECT 2193, 101418, 2936, 102161
RECT 3654, 101418, 4398, 102161
RECT 2193, 102161, 2639, 102384
RECT 2936, 101418, 3159, 101864
RECT 3431, 101418, 3654, 101864
RECT 3952, 102161, 4398, 102384
RECT 2639, 102161, 2812, 102285
RECT 2936, 101864, 3060, 102037
RECT 3530, 101864, 3654, 102037
RECT 3778, 102161, 3952, 102285
RECT 2193, 102384, 2416, 102458
RECT 3357, 101418, 3431, 101641
RECT 3159, 101418, 3208, 101715
RECT 4100, 102384, 4398, 102433
RECT 2639, 102285, 2738, 102334
RECT 3060, 101864, 3109, 101963
RECT 3208, 101418, 3233, 101616
RECT 4199, 102433, 4398, 102458
RECT 2416, 102384, 2490, 102433
RECT 2812, 102161, 2862, 102235
RECT 2936, 102037, 2985, 102111
RECT 3382, 101641, 3431, 101715
RECT 3456, 101864, 3530, 101913
RECT 3580, 102037, 3654, 102087
RECT 3704, 102161, 3778, 102210
RECT 3877, 102285, 3952, 102334
RECT 2490, 102384, 2564, 102409
RECT 3159, 101715, 3184, 101789
RECT 3407, 101715, 3431, 101789
RECT 3506, 101913, 3530, 101987
RECT 4026, 102384, 4100, 102409
RECT 2639, 102334, 2688, 102359
RECT 2862, 102161, 2886, 102210
RECT 2985, 102037, 3010, 102087
RECT 3109, 101864, 3134, 101913
RECT 3605, 102087, 3654, 102111
RECT 3729, 102210, 3778, 102235
RECT 3828, 102285, 3877, 102310
RECT 3902, 102334, 3952, 102359
RECT 2738, 102285, 2762, 102310
RECT 2812, 102235, 2837, 102260
RECT 2886, 102161, 2911, 102186
RECT 2936, 102111, 2961, 102136
RECT 3010, 102037, 3035, 102062
RECT 3060, 101963, 3085, 101987
RECT 3481, 101913, 3506, 101938
RECT 3555, 102037, 3580, 102062
RECT 3630, 102111, 3654, 102136
RECT 3679, 102161, 3704, 102186
RECT 3753, 102235, 3778, 102260
END


D square_v1.05_d2100_x_0_y_0, 2205, 2205, 45, 45
I 2
C 200
RECT 2193, 2193, 2936, 2936
RECT 2193, 3654, 2936, 4398
RECT 3654, 2193, 4398, 2936
RECT 3654, 3654, 4398, 4398
RECT 2193, 2936, 2639, 3159
RECT 2193, 3431, 2639, 3654
RECT 2936, 2193, 3159, 2639
RECT 2936, 3952, 3159, 4398
RECT 3431, 2193, 3654, 2639
RECT 3431, 3952, 3654, 4398
RECT 3952, 2936, 4398, 3159
RECT 3952, 3431, 4398, 3654
RECT 2639, 2936, 2812, 3060
RECT 2639, 3530, 2812, 3654
RECT 2936, 2639, 3060, 2812
RECT 2936, 3778, 3060, 3952
RECT 3530, 2639, 3654, 2812
RECT 3530, 3778, 3654, 3952
RECT 3778, 2936, 3952, 3060
RECT 3778, 3530, 3952, 3654
RECT 2193, 3159, 2416, 3233
RECT 2193, 3357, 2416, 3431
RECT 3159, 4175, 3233, 4398
RECT 3357, 2193, 3431, 2416
RECT 3357, 4175, 3431, 4398
RECT 3159, 2193, 3208, 2490
RECT 4100, 3159, 4398, 3208
RECT 4100, 3382, 4398, 3431
RECT 2639, 3060, 2738, 3109
RECT 2639, 3481, 2738, 3530
RECT 3060, 2639, 3109, 2738
RECT 3060, 3853, 3109, 3952
RECT 3208, 2193, 3233, 2391
RECT 3481, 3853, 3530, 3952
RECT 3853, 3481, 3952, 3530
RECT 4199, 3208, 4398, 3233
RECT 4199, 3357, 4398, 3382
RECT 2416, 3159, 2490, 3208
RECT 2416, 3382, 2490, 3431
RECT 2812, 2936, 2862, 3010
RECT 2812, 3580, 2862, 3654
RECT 2936, 2812, 2985, 2886
RECT 2936, 3704, 2985, 3778
RECT 3159, 4026, 3184, 4175
RECT 3382, 2416, 3431, 2490
RECT 3382, 4100, 3431, 4175
RECT 3456, 2639, 3530, 2688
RECT 3580, 2812, 3654, 2862
RECT 3580, 3729, 3654, 3778
RECT 3704, 2936, 3778, 2985
RECT 3704, 3605, 3778, 3654
RECT 3877, 3060, 3952, 3109
RECT 2490, 3159, 2564, 3184
RECT 2490, 3407, 2564, 3431
RECT 3159, 2490, 3184, 2564
RECT 3184, 4100, 3208, 4175
RECT 3407, 2490, 3431, 2564
RECT 3407, 4026, 3431, 4100
RECT 3506, 2688, 3530, 2762
RECT 4026, 3159, 4100, 3184
RECT 4026, 3407, 4100, 3431
RECT 2639, 3109, 2688, 3134
RECT 2639, 3456, 2688, 3481
RECT 2862, 2936, 2886, 2985
RECT 2862, 3605, 2886, 3654
RECT 2985, 2812, 3010, 2862
RECT 2985, 3729, 3010, 3778
RECT 3109, 2639, 3134, 2688
RECT 3109, 3902, 3134, 3952
RECT 3456, 3902, 3481, 3952
RECT 3605, 2862, 3654, 2886
RECT 3605, 3704, 3654, 3729
RECT 3729, 2985, 3778, 3010
RECT 3729, 3580, 3778, 3605
RECT 3828, 3060, 3877, 3085
RECT 3902, 3109, 3952, 3134
RECT 3902, 3456, 3952, 3481
RECT 2738, 3060, 2762, 3085
RECT 2738, 3506, 2762, 3530
RECT 2812, 3010, 2837, 3035
RECT 2812, 3555, 2837, 3580
RECT 2886, 2936, 2911, 2961
RECT 2886, 3630, 2911, 3654
RECT 2936, 2886, 2961, 2911
RECT 2936, 3679, 2961, 3704
RECT 3010, 2812, 3035, 2837
RECT 3010, 3753, 3035, 3778
RECT 3060, 2738, 3085, 2762
RECT 3060, 3828, 3085, 3853
RECT 3481, 2688, 3506, 2713
RECT 3506, 3828, 3530, 3853
RECT 3555, 2812, 3580, 2837
RECT 3555, 3753, 3580, 3778
